     0.287382     0.469751    0.0935181
     0.306169     0.495070     0.113737
     0.302966     0.471493     0.103359
     0.305682     0.477169     0.124645
     0.303638     0.488494    0.0988487
     0.360563     0.532334     0.138666
     0.235536     0.453393    0.0780532
     0.255982     0.470969    0.0833792
     0.303249     0.507800     0.102795
     0.288862     0.489680     0.102795
     0.325578     0.514287     0.125001
     0.283664     0.458690     0.104699
     0.220597     0.468760    0.0584076
     0.293050     0.528043     0.108308
     0.321461     0.540899    0.0942269
     0.281980     0.546656    0.0891977
     0.306752     0.550552    0.0701773
     0.296947     0.562947     0.102819
     0.338925     0.572841     0.112354
     0.245244     0.519463    0.0758787
     0.380808     0.654075     0.146823
     0.287382     0.551088    0.0988487
     0.304725     0.547528     0.104519
     0.324940     0.590111     0.126335
     0.387076     0.705709     0.132656
     0.304921     0.590458    0.0974514
    0.0412919     0.326475   0.00319126
     0.296947     0.584585    0.0871340
     0.296947     0.581962     0.103180
     0.341302     0.659985     0.127656
     0.303087     0.594217    0.0923350
     0.384789     0.724040     0.140539
     0.424391     0.767113     0.152007
     0.238184     0.492592    0.0508822
     0.379194     0.688968     0.130778
     0.420413     0.757877     0.158413
     0.362275     0.658629     0.127800
     0.280599     0.520461     0.100038
     0.313719     0.545509     0.111303
     0.357476     0.441516     0.283664
     0.246840     0.409142    0.0741177
     0.250160     0.422998    0.0884897
     0.245331     0.398855    0.0758385
     0.565383     0.565383     0.565383
     0.269736     0.471493    0.0926994
     0.294221     0.534950     0.104372
     0.261735     0.429101    0.0868452
     0.253019     0.407105    0.0867977
      0.00000      0.00000      0.00000
     0.181970     0.369481     0.181970
     0.259851     0.488892     0.103180
     0.326535     0.531662     0.113162
     0.289815     0.485717     0.104519
      0.00000      0.00000      0.00000
     0.565383     0.565383     0.565383
     0.304492     0.513208     0.108308
      0.00000      0.00000      0.00000
      0.00000      0.00000      0.00000
     0.304725     0.534950    0.0724160
     0.281823     0.560551    0.0808151
      0.00000      0.00000      0.00000
     0.324148     0.556263     0.122088
     0.379294     0.642892     0.148675
     0.324940     0.609779     0.127800
    0.0196226     0.316464    0.0196226
     0.437508     0.613494     0.374098
     0.324940     0.513208     0.104519
     0.324148     0.609779     0.174834
     0.324148     0.617795     0.108308
     0.314959     0.556263     0.127800
     0.352927     0.354197     0.352927
      0.00000      0.00000      0.00000
     0.331258     0.479153     0.108308
     0.404451     0.482539     0.248031
    0.0988487     0.411971   0.00422027
     0.232637     0.398855     0.128023
     0.368523     0.713264     0.128023
     0.318526     0.582218     0.103430
    0.0974514     0.603586    0.0254244
     0.324940     0.596165     0.126541
     0.309426     0.556263     0.122088
     0.314959     0.584585     0.127894
     0.203089     0.498631    0.0266465
     0.349236     0.579097     0.149706
     0.278736     0.499967     0.103180
     0.311152     0.527692     0.115419
     0.338925     0.636480     0.132175
     0.317166     0.596165     0.103708
     0.292247     0.557763    0.0988487
     0.308476     0.584585     0.103708
     0.339991     0.615905     0.126335
     0.333801     0.620955     0.129126
     0.294932     0.551088     0.104519
     0.304492     0.556263     0.104519
     0.104519     0.182784    0.0475627
     0.393252     0.710072     0.140362
     0.374530     0.672279     0.134299
     0.479153     0.479153     0.479153
     0.440345     0.844874     0.324940
     0.304725     0.590836     0.101671
