SFR tau + Err (1sig) -Err (1sig)
      1.11097      1.46102     0.809468
     0.905643      1.19811     0.642802
     0.876024      1.25086     0.607974
      1.64078      1.89893      1.44540
      1.07160      1.42632     0.790443
      1.59908      2.02627      1.23141
      1.50757      1.72898      1.32459
      1.27961      1.53399      1.11854
     0.787945      1.08738     0.513138
      1.06997      1.35547     0.798196
     0.678041      1.00018     0.446170
     0.899500      1.25803     0.624046
      1.81281      2.03959      1.63729
      1.45750      1.67301      1.25016
     0.916894      1.26633     0.652307
     0.902799      1.16081     0.701824
      1.59442      1.92177      1.37280
      1.05700      1.31272     0.893597
     0.732631      1.02670     0.481908
      1.23589      1.44261      1.07427
     0.476276     0.767177     0.221148
     0.699252     0.819548     0.615079
      1.04992      1.16792     0.958003
     0.772801     0.902996     0.678431
      1.06731      1.29334     0.873590
      1.01319      1.26420     0.828921
      1.20799      1.79111     0.985263
     0.820850      1.02147     0.712166
     0.803861      1.03323     0.681700
     0.717454     0.864224     0.611724
     0.728211     0.943592     0.607680
     0.745530     0.992109     0.570630
     0.669179     0.903374     0.472461
      1.09424      1.43064     0.850613
     0.774875      1.03077     0.559964
     0.663265     0.900766     0.468030
     0.638721     0.884851     0.452436
      1.16865      1.42115     0.978395
      1.08378      1.36292     0.833017
     0.716725      1.84787    0.0950613
      1.21086      1.60290     0.925362
      1.55762      1.79843      1.33513
      1.45742      1.63972      1.32145
     -3.61930     -3.59531     -3.64329
     0.859555      1.11627     0.614147
     0.748447     0.962848     0.594098
     0.759927      1.15383     0.453305
     0.943449      1.13155     0.820211
      0.00000      0.00000      0.00000
      1.86229      2.97348      1.85424
     0.477930     0.572419     0.401784
     0.885768      1.28159     0.615450
     0.533606     0.645103     0.444261
      0.00000      0.00000      0.00000
     -4.14658     -4.11765     -4.17696
     0.796430     0.910606     0.710547
      0.00000      0.00000      0.00000
      0.00000      0.00000      0.00000
     0.569095     0.671781     0.499708
     0.626143     0.732479     0.551561
      0.00000      0.00000      0.00000
     0.781047     0.892705     0.716907
     0.875771      1.14597     0.660799
     0.430964     0.546234     0.340618
      1.71863      1.73208     0.984415
     0.777959     0.907240     0.375756
     0.768594     0.880783     0.707830
     0.748497     0.803255     0.674900
     0.432768     0.604470     0.331865
     0.879934     0.997894     0.791966
      1.00727      1.02077     0.476158
      0.00000      0.00000      0.00000
     0.659345      1.03637     0.461626
    -0.119906     0.335173     -1.43185
     0.872642      1.39765     0.603394
      1.25927      1.33012      1.20923
     0.195198     0.438205    0.0600166
     0.600280     0.868468     0.413643
      1.25575      1.46426      1.18266
     0.741321     0.854216     0.662836
     0.634974     0.757156     0.559906
     0.446595     0.606586     0.349676
      1.48380      1.79391      1.21845
     0.738350      1.00483     0.493755
     0.786732      1.05158     0.645439
     0.558949     0.878657     0.298786
      1.10258      1.31438     0.945820
     0.845668     0.998561     0.749690
     0.950310      1.08490     0.852917
     0.971917      1.13556     0.872560
     0.779048      1.03121     0.590576
      1.11225      1.29999     0.967919
      1.10871      1.23999      1.01313
      1.10155      1.19206      1.02173
      1.38947      1.44627      1.28720
     0.736436      1.03137     0.491861
     0.697272     0.965300     0.455543
     0.650867     0.652777     0.648843
     0.807636     0.922765     0.776294
     0.871222      1.05713     0.773008
