      6.91631      11.5003      2.16704
      7.37359      11.6895      2.30288
      6.97198      11.3968      1.86978
      7.14597      11.9150      2.62085
      7.09977      11.6261      2.21872
      6.49573      11.6920      1.73010
      7.05915      11.3890      2.41733
      7.14943      11.4058      2.43257
      7.12590      11.6229      2.34611
      7.32859      11.9344      2.28543
      6.78304      11.8642      2.13633
      7.02650      11.5022      2.19563
      7.14575      11.6072      2.23011
      7.17007      11.8343      2.16704
      6.95526      11.4731      2.24964
      7.06256      11.4727      2.18841
      7.27110      11.5397      2.10939
      7.09479      11.5076      2.18841
      6.74748      11.3512      2.24964
      7.34692      11.6895      2.61547
      6.61425      11.3150      2.15802
      8.12109      12.0432      2.52421
      7.76670      11.7527      2.65959
      8.18983      11.8774      2.59740
      7.21549      11.5444      2.21872
      7.11877      11.4582      2.35914
      7.43026      11.4727      2.52802
      7.43026      11.4891      2.52421
      7.18976      11.4891      2.30288
      7.50311      11.2353      2.61547
      7.37513      11.4891      2.52421
      7.12590      11.4810      2.23946
      7.01635      11.4976      2.40571
      7.41686      11.5127      2.63871
      6.87906      11.5355      2.19563
      6.91042      11.4936      2.16704
      6.96152      11.3129      2.22962
      7.06256      11.6040      2.28543
      7.22698      11.6467      2.22007
      5.07043      10.7152      1.11503
      6.89439      11.5127      2.19366
      7.20668      11.6229      2.36259
      7.76212      10.1973      1.91117
    0.0290034    0.0290034    0.0290034
      7.09977      11.5387      2.52802
      7.18976      11.4058      2.30288
      7.05915      11.6072      2.30288
      7.34692      11.0588      2.43257
      0.00000      0.00000      0.00000
      5.41911      9.67692      5.41911
      9.38895      12.0432      3.65556
      6.89199      11.7548      2.08172
      7.84906      11.4891      2.65959
      0.00000      0.00000      0.00000
    0.0290034    0.0290034    0.0290034
      7.41686      11.4727      2.52421
      0.00000      0.00000      0.00000
      0.00000      0.00000      0.00000
      9.02913      12.0432      4.66141
      8.18983      11.2353      2.52421
      0.00000      0.00000      0.00000
      8.81940      12.0432      3.65556
      7.20511      11.6543      2.21872
      8.36685      11.8774      3.40008
      3.32496      8.58089      2.09609
      5.02421      12.1857      2.05581
      9.02913      12.1361      3.65556
      7.43026      11.8774      2.73305
      7.55200      11.5134      2.65959
      7.70123      11.8774      2.52421
     0.435758      11.4976     0.435758
      0.00000      0.00000      0.00000
      4.73048      10.2011      1.51134
      2.04181      12.5556    0.0385063
      7.22698      10.9794      2.52802
      7.37513      12.1953      2.52421
      7.29206      11.4891      2.29691
      6.88934      11.3049      2.15162
      6.81248      11.0279      2.21951
      7.84906      11.4891      2.52421
      8.18983      12.0432      2.65959
      7.59494      11.6040      2.52421
      7.27110      11.3950      2.23795
      6.96152      11.6261      2.07455
      7.48317      11.5076      2.46219
      6.88934      11.6718      2.02796
      6.80301      11.3891      2.35914
      7.67178      11.4891      2.43257
      7.58053      11.5076      2.52421
      7.17432      11.3049      2.43257
      7.09429      11.4891      2.30288
      7.08070      11.3784      2.28543
      7.67178      11.6040      2.61547
      8.36685      12.0432      2.74717
      6.33401      12.0432      2.29691
      6.95736      11.4647      2.23011
      7.37474      11.4951      2.55479
      4.95682      4.95682      4.95682
      8.56127      12.2008      8.36685
      7.46815      11.5134      2.41733
