     0.338366     0.540651     0.130408
     0.344048     0.511800     0.153668
     0.281349     0.490056     0.115384
     0.261388     0.477173    0.0895155
     0.306582     0.524514     0.109575
     0.340048     0.544324     0.123793
     0.319833     0.516241     0.122498
     0.307379     0.490078     0.122498
     0.210165     0.483001    0.0677568
     0.288423     0.526980    0.0983227
     0.332667     0.571750     0.121361
     0.264138     0.521457    0.0758043
     0.322562     0.579089     0.118714
     0.389305     0.606475     0.133790
     0.207879     0.514882    0.0501196
     0.413341     0.671824     0.136947
     0.293559     0.590285    0.0849315
     0.310553     0.559016     0.106919
     0.298636     0.700833    0.0969789
     0.369495     0.699706     0.118777
     0.358675     0.632332     0.128766
     0.340731     0.692872     0.111713
     0.371055     0.693663    0.0988166
     0.376834     0.694194     0.127767
     0.372268     0.764236     0.107695
     0.368039     0.700833    0.0979441
     0.470057     0.809211     0.173102
     0.514098     0.856301     0.180216
     0.445176     0.754369     0.166550
     0.513369     0.837958     0.174011
     0.409110     0.759233     0.131044
     0.316097     0.568023     0.116595
     0.342064     0.587691     0.122576
     0.246222     0.381697     0.105529
     0.257601     0.428737     0.109935
     0.218770     0.425003    0.0479070
     0.309891     0.521155     0.109935
     0.318214     0.546986     0.107695
    0.0724102    0.0724102    0.0309756
     0.387514     0.507231     0.320493
     0.245360     0.425003    0.0846397
     0.296687     0.514882     0.106470
    0.0724102    0.0724102    0.0309756
     0.293559     0.521155    0.0994823
     0.119133     0.164891    0.0309756
     0.119133     0.164891    0.0309756
     0.182255     0.370718    0.0724102
     0.245360     0.411414    0.0724102
     0.511100     0.511100     0.511100
     0.298636     0.564685    0.0969789
     0.404796     0.643282     0.142243
     0.248728     0.666576    0.0724102
     0.248085     0.564685    0.0697404
     0.119133     0.370718    0.0185083
     0.261323     0.616212    0.0803168
     0.218770     0.411414    0.0724102
     0.343079     0.700833     0.106470
     0.307809     0.549047     0.113068
    0.0309756     0.164891    0.0309756
     0.288102     0.588896    0.0688717
     0.218770     0.425003    0.0724102
    0.0724102     0.164891    0.0309756
     0.106470     0.245360    0.0663701
     0.426392     0.775602     0.141147
     0.368256     0.627781     0.124361
    0.0979441     0.162888    0.0318046
     0.372268     0.724357     0.141721
     0.300563     0.685688     0.106470
     0.293559     0.590285    0.0849315
     0.221739     0.515162    0.0731101
     0.250636     0.499063    0.0765502
     0.329234     0.650062    0.0986353
     0.343079     0.700833     0.106470
     0.296333     0.649654    0.0895155
     0.319959     0.684871    0.0994823
     0.350991     0.610124     0.112016
     0.285819     0.612209    0.0760172
     0.275804     0.553094    0.0861375
     0.252088     0.498636    0.0846397
    0.0309756    0.0724102    0.0185083
     0.416216     0.714252     0.135819
    0.0309756    0.0309756    0.0309756
    0.0724102     0.218770    0.0309756
     0.352220     0.690909    0.0969789
     0.324810     0.568663     0.118777
     0.271304     0.511826    0.0895155
     0.237848     0.431723    0.0721798
    0.0261367    0.0309756    0.0133728
     0.241313     0.424944    0.0838258
    0.0994823     0.285819    0.0375828
     0.335729     0.627781     0.116595
     0.374380     0.633516     0.124781
     0.232683     0.398740    0.0870125
     0.201525     0.344907    0.0758043
     0.230026     0.381014    0.0815281
     0.277386     0.469826     0.102425
     0.298650     0.595249    0.0868251
     0.313086     0.581339    0.0969789
     0.294801     0.478424     0.108890
     0.286766     0.510990    0.0910017
     0.318735     0.515079     0.111635
     0.306582     0.515079     0.109463
     0.310553     0.567990     0.114645
     0.248085     0.372268    0.0803168
     0.107695     0.293559    0.0394268
     0.214380     0.493632    0.0721798
     0.307319     0.524514     0.107626
    0.0979441     0.218770    0.0394268
     0.368609     0.627781     0.120030
     0.305444     0.536431     0.106470
