      9.09877      9.47944      8.73678
      9.29998      9.65398      9.06399
      9.68559      9.92243      9.43810
      9.51366      9.75989      9.21008
      9.41523      9.65579      9.08790
      9.25218      9.59121      8.87699
      8.94580      9.27862      8.65173
      9.16063      9.51912      8.82935
      9.69672      9.95027      9.40667
      9.48574      9.75628      9.17362
      9.10482      9.42033      8.78321
      9.62108      9.88264      9.26299
      9.23286      9.46797      8.86471
      8.98796      9.36503      8.58013
      9.08981      9.38518      8.72966
      8.74125      9.15329      8.33288
      8.74612      8.99922      8.37499
      9.12727      9.37187      8.80678
      8.81993      9.14179      8.44585
      9.19553      9.43313      8.87391
      9.19792      9.43930      8.89334
      9.20617      9.42378      8.89625
      8.95872      9.25856      8.56415
      8.98673      9.29020      8.57329
      8.82489      9.15072      8.44100
      8.84028      9.15745      8.41537
      9.02250      9.36012      8.63497
      8.96025      9.32718      8.58045
      8.98255      9.33971      8.60764
      8.97530      9.31384      8.58406
      8.81424      9.19425      8.37483
      9.29329      9.50840      8.98974
      9.28166      9.57185      8.92185
      9.18250      9.57703      8.88626
      9.57696      9.80503      9.28683
      9.31925      9.47720      9.07907
      8.98327      9.32438      8.60413
      8.85316      9.17998      8.48378
      8.11623      8.16367      7.99074
      11.1156      11.2167      11.0199
      8.39654      8.66919      8.15289
      8.58257      8.82745      8.23816
      8.62795      8.63878      8.47907
      8.84621      9.09242      8.50894
      8.04497      8.11065      7.74071
      8.43208      8.49525      8.11314
      8.41531      8.69254      8.17789
      8.53478      8.77114      8.26208
      10.6136      10.6520      10.5746
      8.86505      9.09927      8.52067
      9.16875      9.49372      8.82276
      8.40235      8.73479      8.00475
      8.72613      9.08277      8.36782
      8.36659      8.75601      7.90711
      8.77080      9.00075      8.46299
      8.67901      8.89896      8.39822
      8.51656      8.84858      8.15942
      8.96297      9.18985      8.68433
      8.27874      8.65655      8.26893
      9.06617      9.40450      8.65034
      8.51418      8.78674      8.22924
      8.06392      8.31030      7.90021
      8.97049      9.11115      8.93584
      8.39700      8.74382      7.98247
      8.83294      9.14701      8.49267
      8.86045      9.00225      8.71200
      8.86545      9.15919      8.54378
      8.71551      8.99673      8.35246
      8.48160      8.80319      8.10273
      9.35190      9.56820      9.06155
      8.73587      9.04683      8.38186
      9.16180      9.41106      8.82753
      8.92277      9.25117      8.57415
      8.98358      9.27731      8.62381
      9.04551      9.32864      8.70135
      8.91224      9.26743      8.49889
      9.14228      9.39198      8.77777
      9.12447      9.30728      8.84620
      9.10349      9.25136      8.78427
      8.69322      8.84702      8.55530
      8.95179      9.33995      8.56477
      8.28973      8.29176      8.28767
      8.42216      8.78175      8.27106
      8.95359      9.27025      8.59264
      9.07362      9.36097      8.72528
      9.16267      9.37967      8.86504
      9.12495      9.34036      8.79703
      8.61353      8.73981      8.54567
      9.16478      9.49443      8.78450
      8.89585      9.11178      8.73475
      9.04800      9.26015      8.70412
      9.09348      9.44595      8.71585
      9.12026      9.50172      8.71571
      8.97921      9.41779      8.52270
      9.09639      9.49642      8.68111
      8.81165      9.11767      8.54302
      9.04667      9.31622      8.66126
      8.95396      9.21807      8.56839
      8.79777      9.19983      8.39620
      9.14676      9.37478      8.82504
      8.98387      9.32819      8.60951
      8.89673      9.24380      8.49181
      9.15223      9.34134      8.87338
      8.96015      9.11271      8.67175
      8.84905      9.09574      8.65222
      9.10194      9.30897      8.80289
      9.08974      9.39213      8.71041
      8.97056      9.10143      8.78591
      8.60647      8.96749      8.19773
      9.11051      9.36851      8.77873
