    0.0190675    0.0330934   0.00654445
    0.0231025    0.0352774    0.0103796
    0.0191145    0.0336037   0.00597619
    0.0205363    0.0340877   0.00534794
    0.0162814    0.0323701   0.00445320
    0.0194245    0.0339182   0.00673377
    0.0212497    0.0335664   0.00742446
    0.0202516    0.0335093   0.00678034
    0.0272637    0.0361562    0.0109686
    0.0207968    0.0344377   0.00609339
    0.0140239    0.0293586   0.00431099
    0.0258187    0.0359062    0.0107837
    0.0134987    0.0302706   0.00351069
    0.0189456    0.0327965   0.00601543
    0.0240564    0.0350698   0.00858263
    0.0201224    0.0335664   0.00690134
    0.0100404    0.0236600   0.00388439
    0.0106442    0.0250989   0.00388439
   0.00734737    0.0185267   0.00329942
    0.0237638    0.0349878   0.00877408
    0.0177489    0.0327793   0.00568736
    0.0258278    0.0356379    0.0105232
    0.0132314    0.0289092   0.00439776
    0.0122051    0.0290208   0.00377338
   0.00887659    0.0208670   0.00349170
    0.0107740    0.0273567   0.00379671
    0.0143525    0.0306287   0.00412043
    0.0176349    0.0323224   0.00547790
    0.0175383    0.0321422   0.00534794
    0.0164887    0.0310102   0.00527701
    0.0147850    0.0298473   0.00445913
    0.0155942    0.0322667   0.00452905
    0.0183531    0.0328360   0.00594330
    0.0220340    0.0339884   0.00683630
    0.0158868    0.0327818   0.00464585
    0.0117679    0.0306287   0.00309537
    0.0160968    0.0316090   0.00482860
    0.0133613    0.0298473   0.00388439
   0.00553876   0.00553876   0.00329942
    0.0290670    0.0369827   0.00460624
   0.00884439    0.0198606   0.00349170
    0.0117679    0.0270208   0.00439776
   0.00553876   0.00553876   0.00329942
    0.0119316    0.0274990   0.00439776
    0.0101861    0.0125627   0.00329942
    0.0101861    0.0125627   0.00329942
   0.00734737    0.0125627   0.00329942
   0.00734737    0.0189887   0.00388439
    0.0380012    0.0380012    0.0380012
   0.00694941    0.0194448   0.00349170
    0.0213494    0.0345520   0.00889547
   0.00758835    0.0189887   0.00329942
    0.0194448    0.0326042   0.00675643
    0.0187718    0.0284930   0.00553876
   0.00694941    0.0168879   0.00329942
   0.00694941    0.0187718   0.00329942
   0.00959828    0.0225492   0.00388640
   0.00959828    0.0232080   0.00349170
   0.00329942    0.0101861   0.00329942
    0.0247519    0.0363081    0.0103890
   0.00672895    0.0125627   0.00329942
   0.00665521    0.0171370   0.00329942
   0.00675643    0.0189887   0.00388439
    0.0114256    0.0273567   0.00379671
    0.0150725    0.0310906   0.00464585
    0.0343925    0.0388792    0.0280892
    0.0102924    0.0203110   0.00388640
   0.00675643    0.0164975   0.00329942
    0.0110167    0.0284186   0.00406063
    0.0317323    0.0377334    0.0201134
    0.0171034    0.0317400   0.00587998
    0.0194245    0.0323435   0.00580787
    0.0101861    0.0232080   0.00349170
    0.0101861    0.0237255   0.00388640
    0.0126494    0.0290508   0.00451003
    0.0151952    0.0299459   0.00451003
    0.0238622    0.0353557   0.00890232
    0.0116741    0.0291263   0.00406063
   0.00884439    0.0203110   0.00349170
   0.00553876    0.0247330   0.00329942
    0.0172373    0.0319182   0.00564887
   0.00329942   0.00329942   0.00329942
   0.00329942   0.00553876   0.00261760
    0.0121431    0.0284566   0.00449194
    0.0192612    0.0332313   0.00580787
    0.0227662    0.0353883   0.00663176
    0.0208670    0.0339215   0.00612286
    0.0203110    0.0247330   0.00329942
    0.0194245    0.0338962   0.00624008
    0.0240343    0.0350698   0.00672895
    0.0179505    0.0326042   0.00460237
    0.0227653    0.0353296   0.00884809
    0.0206545    0.0338704   0.00692810
    0.0211225    0.0343979   0.00719038
    0.0215336    0.0343592   0.00691657
    0.0179545    0.0318127   0.00568736
    0.0208670    0.0340908   0.00690445
    0.0103890    0.0278604   0.00334741
    0.0201224    0.0343925   0.00723077
    0.0213867    0.0344377   0.00645296
    0.0192612    0.0335883   0.00614937
    0.0180940    0.0335410   0.00614937
    0.0129172    0.0303050   0.00339941
   0.00593480    0.0119316   0.00314416
    0.0171370    0.0323701   0.00451003
    0.0254049    0.0356274   0.00758665
    0.0186484    0.0335598   0.00601543
    0.0236600    0.0340908   0.00388439
    0.0143584    0.0301120   0.00415383
    0.0160968    0.0322667   0.00534794
