     0.382051     0.478701    0.0384526    0.0532401      0.00000
     0.324874    0.0256902     0.124476      0.00000      0.00000
     0.437213    0.0289093    0.0252207    0.0258219    0.0255230
    0.0788146   0.00112169    0.0260228    0.0138633      0.00000
    0.0256488      1.03821     0.571246    0.0255181      0.00000
    0.0256706    0.0624699    0.0200825    0.0248018      0.00000
    0.0583151    0.0653526      0.00000      0.00000      0.00000
      4.99991    0.0254496      0.00000      0.00000      0.00000
      21.5575     0.969335     0.139958     0.946984      0.00000
     0.139000    0.0256656  0.000620798    0.0256959      0.00000
     0.572519    0.0462705     0.120550    0.0256806    0.0681057
     0.452998    0.0507886     0.158530    0.0316675      0.00000
    0.0959883    0.0959883    0.0959883    0.0959883    0.0959883
    0.0238866   0.00278458    0.0263447      0.00000      0.00000
    0.0256935     0.900083  0.000603539    0.0254736      0.00000
     0.368441      7.92747    0.0511892    0.0299616    0.0431017
     0.360770    0.0389902   0.00139440      0.00000      0.00000
     0.339807     0.339807     0.339807     0.339807     0.339807
     0.839946     0.685066    0.0352245     0.182637    0.0135260
    0.0542381    0.0542381    0.0542381    0.0542381    0.0542381
     0.275939    0.0256806     0.315641    0.0737339      0.00000
    0.0374571    0.0374571    0.0374571    0.0374571    0.0374571
     0.184067     0.183900      0.00000      0.00000      0.00000
    0.0344125     0.177810    0.0466784    0.0214152      0.00000
     0.489433      1.21551     0.134966    0.0664338      0.00000
      2.65552      3.38125     0.133281      0.00000      0.00000
      10.1429    0.0574547     0.116398    0.0259093    0.0273897
    0.0181488     0.222468    0.0814105    0.0674159    0.0208332
      5.85262    0.0335749    0.0896273    0.0648836      0.00000
    0.0284436    0.0584910    0.0507639    0.0201105      0.00000
   0.00846460      2.54247     0.103111    0.0256666      0.00000
    0.0254547     0.347531    0.0398230      0.00000      0.00000
     0.243318     0.418399    0.0402039    0.0253565      0.00000
      1.74454     0.290088      1.15652    0.0402445      0.00000
     0.293828     0.554901     0.902217     0.768990      0.00000
      5.65787     0.114314    0.0400513    0.0784341      0.00000
     0.222284     0.259972      0.00000      0.00000      0.00000
     0.371518    0.0672704      0.00000      0.00000      0.00000
      3.26324     0.240069    0.0255043    0.0293104    0.0256621
    0.0298200     0.793708      0.00000      0.00000      0.00000
      1.07777     0.409693    0.0534145     0.105765    0.0927702
     0.268056    0.0271413    0.0247292    0.0229649      0.00000
    0.0299870    0.0281725     0.272676    0.0266977    0.0120052
    0.0256025    0.0250774     0.156156     0.174424      0.00000
      1.66556    0.0475799     0.175375    0.0257128      0.00000
    0.0294408     0.364322    0.0237767      0.00000      0.00000
      1.50171    0.0257057      3.07072      3.62401    0.0257006
    0.0292357    0.0442446     0.122791      0.00000      0.00000
  0.000555806  0.000558083      0.00000      0.00000      0.00000
    0.0292163    0.0383440    0.0261776    0.0287292    0.0140368
     0.883412    0.0130507    0.0135563    0.0453829      0.00000
     0.518357     0.410571     0.119470      0.00000      0.00000
    0.0210313     0.209651    0.0399818      0.00000      0.00000
    0.0139623    0.0955837  0.000630074      0.00000      0.00000
    0.0243854     0.106367    0.0297301    0.0415242      0.00000
     0.141205    0.0254672      0.00000      0.00000      0.00000
    0.0252953    0.0252953    0.0252953    0.0252953    0.0252953
    0.0255135    0.0488028      0.00000      0.00000      0.00000
     0.234463    0.0355330    0.0190270    0.0186406   0.00494472
     0.323874   0.00288247      0.00000      0.00000      0.00000
    0.0651610    0.0255846    0.0255561     0.517766     0.497756
     0.100397     0.100397     0.100397     0.100397     0.100397
     0.119032     0.534132    0.0376424   0.00110856    0.0261202
    0.0230833     0.262329    0.0458970    0.0266688   0.00358291
    0.0204598    0.0204598    0.0204598    0.0204598    0.0204598
    0.0163616    0.0163616    0.0163616    0.0163616    0.0163616
    0.0421691    0.0120614      0.00000      0.00000      0.00000
    0.0279704    0.0279704    0.0279704    0.0279704    0.0279704
    0.0316865    0.0373242     0.164524     0.171216      0.00000
    0.0911648    0.0244154      0.00000      0.00000      0.00000
    0.0324022    0.0324022    0.0324022    0.0324022    0.0324022
    0.0521698    0.0521698    0.0521698    0.0521698    0.0521698
     0.105675    0.0220736      0.00000      0.00000      0.00000
    0.0193544    0.0462497    0.0219829      0.00000      0.00000
     0.350989     0.706288     0.103367     0.174983    0.0348814
    0.0695434    0.0695434    0.0695434    0.0695434    0.0695434
     0.365970    0.0386809      2.40805    0.0250963      0.00000
    0.0313263    0.0176948    0.0385660    0.0256985      0.00000
    0.0230007    0.0230007    0.0230007    0.0230007    0.0230007
     0.103306     0.103306     0.103306     0.103306     0.103306
    0.0886286    0.0886286    0.0886286    0.0886286    0.0886286
    0.0430739     0.214725    0.0270121    0.0255962      0.00000
     0.122000     0.122000     0.122000     0.122000     0.122000
     0.921365    0.0713936      1.24256    0.0560657    0.0329347
    0.0358036    0.0519871    0.0154694      0.00000      0.00000
     0.573776     0.192838     0.494078      0.00000      0.00000
     0.131869    0.0185883    0.0378853   0.00110935      0.00000
     0.124427     0.100671    0.0249146    0.0250038    0.0236358
    0.0621809    0.0279621    0.0245463      0.00000      0.00000
     0.115910    0.0248952    0.0270239      0.00000      0.00000
     0.219976     0.197584    0.0465917    0.0257992    0.0259710
    0.0730246    0.0172225      0.00000      0.00000      0.00000
    0.0704975    0.0158123      0.00000      0.00000      0.00000
    0.0425876    0.0425876    0.0425876    0.0425876    0.0425876
    0.0195244    0.0688914      0.00000      0.00000      0.00000
     0.602556     0.729204     0.120207    0.0791596      0.00000
     0.751759     0.238685     0.372999      0.00000      0.00000
    0.0180547    0.0180547    0.0180547    0.0180547    0.0180547
    0.0341329    0.0211144      0.00000      0.00000      0.00000
    0.0804388    0.0608106    0.0248990    0.0249909      0.00000
     0.967000     0.117815    0.0660147      0.00000      0.00000
    0.0274585      2.09851      0.00000      0.00000      0.00000
    0.0237671    0.0296560    0.0229251    0.0206811    0.0375918
    0.0256599    0.0256599    0.0256599    0.0256599    0.0256599
      0.00000      0.00000      0.00000      0.00000      0.00000
     0.126947    0.0255585      0.00000      0.00000      0.00000
     0.104175    0.0229820    0.0528648    0.0213743      0.00000
      1.32777     0.174714     0.480869     0.336878      0.00000
      13.1454      1.14572      1.84427     0.437370   0.00938003
     0.483297    0.0256116      0.00000      0.00000      0.00000
     0.359352     0.161111     0.269532      4.36855      0.00000
      0.00000      0.00000      0.00000      0.00000      0.00000
     0.156870    0.0257220    0.0333628    0.0636211      0.00000
     0.521093    0.0256984      0.00000      0.00000      0.00000
      7.95728     0.434342    0.0255757      0.00000      0.00000
     0.269506     0.799820    0.0379094     0.536438      0.00000
    0.0636383    0.0255839    0.0102470      0.00000      0.00000
     0.332746      1.88234    0.0256717    0.0255785      0.00000
     0.310697     0.123207     0.668793     0.185715      0.00000
     0.573237     0.200968      0.00000      0.00000      0.00000
      1.55818    0.0410765    0.0309784      0.00000      0.00000
      1.14185     0.856326     0.320929      1.65255      745.146
     0.433502     0.257692     0.482733     0.115139    0.0710172
      11.0934      2.21375     0.899785    0.0256909      0.00000
      6.03741    0.0495943     0.458159      0.00000      0.00000
     0.113864      1.83739    0.0257176      1.82264      0.00000
    0.0824585    0.0608383      0.00000      0.00000      0.00000
     0.137625     0.137625     0.137625     0.137625     0.137625
    0.0921010     0.483491      0.00000      0.00000      0.00000
     0.322620    0.0302923    0.0256690  0.000622633    0.0291765
      7.29771    0.0405161      0.00000      0.00000      0.00000
      2.02544     0.311970    0.0499916    0.0344781    0.0337298
     0.741757     0.424154     0.169836    0.0429497     0.814293
      1.15157     0.210768     0.104667    0.0256965    0.0257419
      28.1393     0.504889     0.623277     0.355614      1.62516
     0.392177    0.0253938     0.117726      115.026    0.0251083
    0.0541571    0.0541571    0.0541571    0.0541571    0.0541571
     0.139936    0.0105368      0.00000      0.00000      0.00000
     0.610220    0.0476115      0.00000      0.00000      0.00000
     0.531533    0.0256998      0.00000      0.00000      0.00000
      5.41833      2.11442     0.435991    0.0257012      0.00000
      3.06802     0.643331     0.693167      0.00000      0.00000
     0.372432    0.0255668     0.187697    0.0256909    0.0256331
    0.0956960    0.0258207      0.00000      0.00000      0.00000
     0.553497    0.0251846     0.209844    0.0941070    0.0257688
    0.0551299    0.0551299    0.0551299    0.0551299    0.0551299
      1.15783      1.33297    0.0320504      11.1615      0.00000
     0.541900    0.0511189      2.48439      3.15629      0.00000
     0.262603      3.58070      2.57507      0.00000      0.00000
