      1.99949      8.64676      3.58955      3.76460      0.00000
      1.76526      1.33160      5.59939      0.00000      0.00000
      8.33722      7.88946      7.80834      5.04730      2.33556
      6.77235      2.36106      2.23034      2.71690      0.00000
      1.73328      8.43047      5.97284      5.80034      0.00000
      2.08482      6.58267      2.95293      4.19059      0.00000
      8.24436      8.36283      0.00000      0.00000      0.00000
      8.03840      6.70369      0.00000      0.00000      0.00000
      7.94141      1.72279      1.32229      5.87791      0.00000
      6.39569      1.83370      5.87603      3.69163      0.00000
      8.25165      6.62507      1.89304      1.73331      4.18924
      8.53703      7.99534      3.22991      7.25632      0.00000
      7.93127      7.93127      7.93127      7.93127      7.93127
      2.22418      2.36106      6.34928      0.00000      0.00000
      1.58271      6.19664      1.35678      5.69981      0.00000
      7.42122      7.53637      6.32869      1.88803      2.56988
      7.51613      6.80028      2.26063      0.00000      0.00000
      7.18092      7.18092      7.18092      7.18092      7.18092
      7.38208      6.40292      6.00021      1.58070      5.46827
      6.94666      6.94666      6.94666      6.94666      6.94666
      1.31129      4.69590      5.09330      3.88626      0.00000
      6.90381      6.90381      6.90381      6.90381      6.90381
      7.23466      6.43999      0.00000      0.00000      0.00000
      6.52017      6.28874      1.24942      3.80031      0.00000
      5.97752      1.13987      4.82384     0.823647      0.00000
      6.07510      6.47237      1.26522      0.00000      0.00000
      5.89677      4.82846      1.12761      3.74176      2.52448
      6.51583      6.42288      6.29261      1.25815      3.80089
      6.29659      6.18671      1.29768      3.75303      0.00000
      6.51930      4.77865      1.24063      3.80213      0.00000
      6.51796      6.29316      1.28213      4.69556      0.00000
      4.44443      1.05255      3.87839      0.00000      0.00000
      1.03678      3.87217      3.58446     0.326581      0.00000
      5.79693      4.56903     0.948219      3.87798      0.00000
      1.05868      4.78831      4.59755      3.87293      0.00000
     0.976184      3.87163      3.58402      3.25009      0.00000
      4.62085      1.04520      0.00000      0.00000      0.00000
      7.38428      6.64624      0.00000      0.00000      0.00000
      7.41835      6.46643      1.78310      3.58761      3.23945
      9.57089      9.96644      0.00000      0.00000      0.00000
      9.34571      2.28394      3.79335      3.68754     0.436312
      9.13950      2.15054      6.69649      2.72473      0.00000
      8.77400      8.65247      9.15911      7.53265      5.16889
      5.64993      7.85833      9.14689      9.54465      0.00000
      8.14996      2.66587      1.91402      4.09357      0.00000
      8.07745      7.74954      1.83016      0.00000      0.00000
      8.08387      7.40756      8.23655      9.34082      5.34877
      2.83842      2.11875      3.08927      0.00000      0.00000
      9.08973      8.88887      0.00000      0.00000      0.00000
      8.24890      8.41612      8.57269      7.94632      7.53874
      8.57050      1.56205      1.81124      9.19125      0.00000
      1.91807      3.56619     0.256777      0.00000      0.00000
      8.02981      8.26705      6.66859      0.00000      0.00000
      8.02838      7.83097      8.18588      0.00000      0.00000
      1.53495      1.38452      7.00175      6.18821      0.00000
      7.76222      6.85460      0.00000      0.00000      0.00000
      7.15722      7.15722      7.15722      7.15722      7.15722
      7.25722      6.36978      0.00000      0.00000      0.00000
      7.40045      6.47245      1.54345      1.42058      8.88887
      7.44549      8.88887      0.00000      0.00000      0.00000
      6.04106      5.34854      7.65833      9.17022      9.34894
      7.10702      7.10702      7.10702      7.10702      7.10702
      6.61418      6.97662      6.34456      6.07689      1.88335
      6.51985      6.29365      4.46540      1.20477      3.91769
      6.93571      6.93571      6.93571      6.93571      6.93571
      6.92795      6.92795      6.92795      6.92795      6.92795
      6.51664      5.27347      0.00000      0.00000      0.00000
      6.95231      6.95231      6.95231      6.95231      6.95231
      6.51807      6.18953      6.29269      4.58408      0.00000
      7.56309      6.75218      0.00000      0.00000      0.00000
      7.01127      7.01127      7.01127      7.01127      7.01127
      6.91753      6.91753      6.91753      6.91753      6.91753
      7.00029      6.44600      0.00000      0.00000      0.00000
      6.92431      6.77313      6.39343      0.00000      0.00000
      5.73922     0.961141     0.826674      4.64076      3.83904
      7.17193      7.17193      7.17193      7.17193      7.17193
      5.97785      6.51788      1.03923     0.275694      0.00000
      6.24388      5.98402      1.79681      3.64039      0.00000
      6.51739      6.51739      6.51739      6.51739      6.51739
      6.18963      6.18963      6.18963      6.18963      6.18963
      6.41286      6.41286      6.41286      6.41286      6.41286
      6.79809      6.91538      6.30014      6.07689      0.00000
      7.27937      7.27937      7.27937      7.27937      7.27937
      7.53578      6.09808      6.63655      1.71266      5.88667
      8.07826      6.44841      2.01759      0.00000      0.00000
      5.81790      5.33301      1.61966      0.00000      0.00000
      6.59129      5.17444      5.00906      2.66234      0.00000
      6.41145      6.28992      4.89478      1.37977      2.51928
      6.71479      2.68473      4.99312      0.00000      0.00000
      6.60879      4.99441      2.68671      0.00000      0.00000
      6.79038      6.89098      6.32841      1.83363      3.74185
      6.51114      5.17705      0.00000      0.00000      0.00000
      6.70061      5.26540      0.00000      0.00000      0.00000
      6.51051      6.51051      6.51051      6.51051      6.51051
      6.87938      7.10783      0.00000      0.00000      0.00000
      6.27573      1.16317      4.23140      3.74123      0.00000
      1.25966      4.03908      3.88423      0.00000      0.00000
      5.91328      5.91328      5.91328      5.91328      5.91328
      6.19309      6.31251      0.00000      0.00000      0.00000
      6.51598      1.41728      4.89453      2.51713      0.00000
      8.06691      6.12615      1.72356      0.00000      0.00000
      6.55569      7.44471      0.00000      0.00000      0.00000
      7.44343     0.287472      1.89206      2.77927      2.91183
      6.70443      6.70443      6.70443      6.70443      6.70443
      0.00000      0.00000      0.00000      0.00000      0.00000
      8.55042      6.80443      0.00000      0.00000      0.00000
      8.54755      8.77686      8.66121      7.24816      0.00000
      7.94150      1.73666      4.19989     0.682237      0.00000
      6.99087      6.08619      6.43511      1.33658      4.48728
      9.39263      8.61252      0.00000      0.00000      0.00000
      2.01212     0.352224      5.07024      4.26832      0.00000
      0.00000      0.00000      0.00000      0.00000      0.00000
      7.36065      1.33495      1.15122      6.37483      0.00000
      2.14056      3.74197      0.00000      0.00000      0.00000
      6.28835      1.38114     0.377297      0.00000      0.00000
      2.11066      5.30794      3.58925      5.02117      0.00000
      1.27002      4.74575      1.80507      0.00000      0.00000
      6.32710      7.08848      6.10195      1.48203      0.00000
      2.01137     0.222337      3.58276      3.25339      0.00000
      9.91589      8.44147      0.00000      0.00000      0.00000
      10.3970      8.13118      8.23615      0.00000      0.00000
      8.33132      2.01947     0.276269      4.92319     0.648552
      8.43170      2.12740     0.488583     0.357591      5.05085
      10.3056      2.62318      2.96379      3.64156      0.00000
      9.91570      8.58647      8.83147      0.00000      0.00000
      3.46414      2.70972      3.84237      3.71677      0.00000
      8.70937      8.86978      0.00000      0.00000      0.00000
      6.89130      6.89130      6.89130      6.89130      6.89130
      6.89475      7.02198      0.00000      0.00000      0.00000
      8.89027      7.77717      2.28562      5.02240      3.23634
      7.93745      6.66932      0.00000      0.00000      0.00000
      8.15139      1.76291      1.40629      6.01035      3.58870
      6.29879      1.34705      1.22050      1.04763      5.66682
      8.24809      1.78110      5.42743      5.19804      5.90112
      7.63604      1.69935      5.86161      1.30751      4.60928
      7.42305      4.99669      5.16537      5.88588      1.38070
      7.66184      7.66184      7.66184      7.66184      7.66184
      6.89864      5.77395      0.00000      0.00000      0.00000
      7.33251      6.77688      0.00000      0.00000      0.00000
      1.77330      5.09769      0.00000      0.00000      0.00000
      7.08833      6.19157      1.31747      4.59554      0.00000
      6.98338      1.30441      4.06450      0.00000      0.00000
      8.13797      1.83351      6.38497      3.64141      3.44035
      7.85340      6.95561      0.00000      0.00000      0.00000
      6.69322      5.95033      6.06682      1.40493      1.18082
      6.58388      6.58388      6.58388      6.58388      6.58388
      8.53749      2.02458     0.283511      4.99858      0.00000
      2.13060     0.376622      1.27204      5.94278      0.00000
      1.50407      7.82639      7.54834      0.00000      0.00000
