      2.00911      8.64874      5.39898      5.04699      0.00000
      8.14922      1.77680      4.24408      0.00000      0.00000
      8.32776      7.58984      3.22347      7.30707      2.28544
      8.54835      6.69158      6.79266      2.26992      2.61961
      1.80717      8.42572      5.49937      0.00000      0.00000
      8.25270      2.05476      6.48733      6.58748      5.03710
      8.24541      6.89855      0.00000      0.00000      0.00000
      8.03122      8.03122      8.03122      8.03122      8.03122
      7.94226      1.74809      1.35569      5.38744      0.00000
      7.94090      6.17732      6.38232      1.78328      0.00000
      8.24198      2.01020      1.83505      7.47327      4.59651
      8.53382      6.09736      3.22723      5.64998      2.38595
      7.92972      7.92972      7.92972      7.92972      7.92972
      7.74715      2.26806      2.61213      0.00000      0.00000
      7.74376      1.74552      1.53240      5.39894      0.00000
      7.41072      6.59325      6.27775      1.88097      2.01722
      7.52625      2.31779      6.38495      2.52598      2.76842
      7.16076      6.85431      0.00000      0.00000      0.00000
      7.37896      6.38593      1.52816      5.87427      4.14356
      6.94483      6.94483      6.94483      6.94483      6.94483
      6.39891      5.68125      1.39477      1.27597      4.76595
      6.90460      6.90460      6.90460      6.90460      6.90460
      7.19323      6.30211      5.97646      0.00000      0.00000
      6.19066      6.51672      1.28602      4.54459      0.00000
      5.98675      1.22269      4.85379      3.79269      3.58593
      6.04401      1.27488      5.57400      5.37516      0.00000
      5.91504      4.86937      1.21844      3.58534      0.00000
      6.29601      6.41355      1.34570      3.61390      4.99183
      6.29217      6.41377      1.30567      4.54492      0.00000
      5.97687      4.78727      1.33958      1.20813      4.44420
      6.19449      6.28397      1.28337      4.48437      0.00000
      1.25297      3.58245      3.73544     0.426842      0.00000
      1.07100      4.01645     0.326885      3.58606      0.00000
      5.80962      1.04790      4.62618      4.13283      3.77027
      1.25711      1.15571      4.66496      4.41629      0.00000
      1.08879      3.81451      3.58487     0.326858      0.00000
      5.98157      1.24700      4.61942     0.276420      2.92526
      7.36340      6.65167      0.00000      0.00000      0.00000
      7.41657      6.47733      6.07689      1.93363      0.00000
      9.96053      9.61697     0.653782      0.00000      0.00000
      9.33993      2.29854      3.70078     0.504670      6.02802
      2.13270      2.31245      6.68574      0.00000      0.00000
      8.66942      9.04458      7.32611      5.10332      5.34028
      8.25363      8.00909      9.02247      8.90740      10.3192
      8.14846      1.91806      2.59489      3.58903      2.91136
      7.64166      8.07527      2.63477      1.82229      4.79318
      6.24106      7.78761      9.33623      0.00000      0.00000
      9.35709      2.16864      2.88148      3.26030      3.85600
      0.00000      0.00000      0.00000      0.00000      0.00000
      8.43264      8.67915      8.54254      8.24605      7.31357
      8.35002      1.81872      2.67703      1.48641      0.00000
      8.13687      1.93142      3.56402     0.342836      0.00000
      8.14194      6.60314      0.00000      0.00000      0.00000
      7.55824      7.55824      7.55824      7.55824      7.55824
      1.81022      6.58618      6.29487      1.57438      0.00000
      7.65230      6.81508      0.00000      0.00000      0.00000
      6.80462      6.80462      6.80462      6.80462      6.80462
      6.88742      5.39747      0.00000      0.00000      0.00000
      7.34468      6.47692      1.79289      0.00000      0.00000
      7.34293      7.34293      7.34293      7.34293      7.34293
      7.35682      9.05879      10.0612      9.37700      8.90903
      6.97644      6.97644      6.97644      6.97644      6.97644
      6.59601      6.98083      6.43418      6.27775      1.90740
      6.51722      6.19413      6.29362      4.67233      0.00000
      6.93007      6.93007      6.93007      6.93007      6.93007
      6.92293      6.92293      6.92293      6.92293      6.92293
      6.51549      6.51549      6.51549      6.51549      6.51549
      6.93985      6.93985      6.93985      6.93985      6.93985
      6.19118      4.72384      1.34817      1.18905      3.62319
      7.43742      6.75261      0.00000      0.00000      0.00000
      6.95253      6.95253      6.95253      6.95253      6.95253
      6.91206      6.91206      6.91206      6.91206      6.91206
      6.90557      8.08545      0.00000      0.00000      0.00000
      6.91973      6.91973      6.91973      6.91973      6.91973
      1.04764      4.63328      5.74458      3.62765      0.00000
      7.04579      6.37817      0.00000      0.00000      0.00000
      5.88781      1.34887      1.18323     0.276240      0.00000
      6.76659      5.97775      1.85542      5.87144      1.69212
      6.51915      6.51915      6.51915      6.51915      6.51915
      6.19588      6.19588      6.19588      6.19588      6.19588
      6.41508      6.29799      0.00000      0.00000      0.00000
      6.80303      6.35001      6.07689      0.00000      0.00000
      7.31895      7.31895      7.31895      7.31895      7.31895
      7.53783      6.22186      1.60462      1.77222      5.35499
      8.07520      6.58017      0.00000      0.00000      0.00000
      5.72072      1.72224      1.62344      5.93799      0.00000
      5.37345      5.27159      5.06399      0.00000      0.00000
      6.29296      6.40984      4.89548      1.47736      2.91072
      6.61284      5.06495      3.43295      3.02604      0.00000
      6.60848      5.06503      3.46576      3.01384      0.00000
      6.79386      6.27775      1.88372      5.04703      0.00000
      6.50701      5.37758      5.06852      0.00000      0.00000
      6.59915      5.47396      5.28085      5.06609      0.00000
      6.51154      6.51154      6.51154      6.51154      6.51154
      6.79699      6.79699      6.79699      6.79699      6.79699
      6.19547      1.19539      3.90431      0.00000      0.00000
      6.39165      1.30214      3.87832      3.61416      0.00000
      5.90944      5.90944      5.90944      5.90944      5.90944
      6.09475      6.09475      6.09475      6.09475      6.09475
      6.51223      1.47873      4.97366      2.91143      3.42585
      8.06273      1.77864      0.00000      0.00000      0.00000
      7.44648      6.60406      0.00000      0.00000      0.00000
      7.43033      7.51527      1.46992      1.81358     0.242931
      6.70430      6.70430      6.70430      6.70430      6.70430
      0.00000      0.00000      0.00000      0.00000      0.00000
      8.45004      8.45004      8.45004      8.45004      8.45004
      8.56453      8.45045      8.67692      0.00000      0.00000
      1.73915      4.25273     0.528158      3.41314      0.00000
      6.08470      1.41004      5.29519      0.00000      0.00000
      9.36445      8.61266      0.00000      0.00000      0.00000
      8.13529      2.01493     0.504365      3.57066      3.91987
      0.00000      0.00000      0.00000      0.00000      0.00000
      7.33506      2.64042      2.43673      2.18651      0.00000
      9.14721      2.19034      3.79218      5.04759      0.00000
      6.18531      1.38705     0.377269      4.25257      3.58837
      2.12919      5.10416      3.58616      0.00000      0.00000
      6.58902      1.32450      2.53041      4.74565      2.18271
      6.32237      7.09130      5.97646      1.58270      3.74189
      2.01737     0.361598      3.25940      0.00000      0.00000
      9.91271      8.53024      8.42857      0.00000      0.00000
      8.05784      8.14608      0.00000      0.00000      0.00000
      2.02147     0.371147      3.56601      4.91071      0.00000
      2.13855     0.515748     0.867821      5.03049      0.00000
      11.2050      10.3056      6.72967      3.79216      2.98980
      9.91437      8.58438      0.00000      0.00000      0.00000
      11.1068      2.74300      3.33085      3.49744      0.00000
      8.71048      8.71048      8.71048      8.71048      8.71048
      6.78005      6.78005      6.78005      6.78005      6.78005
      6.89355      7.00091      0.00000      0.00000      0.00000
      8.88146      2.10999      2.23528      7.20662      0.00000
      7.93868      6.68050      0.00000      0.00000      0.00000
      8.15174      1.78629      5.19809      5.37389      5.90018
      6.29153      1.31328      1.18087      3.62946      0.00000
      8.24502      1.77637      1.35213      4.94639      5.90072
      7.63480      1.72057      5.86849      4.78190      4.45204
      7.37857      4.95833      5.16918      5.98534      3.18808
      7.43752      7.43752      7.43752      7.43752      7.43752
      6.79553      5.79624      0.00000      0.00000      0.00000
      7.33158      6.80488      0.00000      0.00000      0.00000
      1.88611      1.78071      4.91983      1.30944      0.00000
      7.08962      6.17948      1.38946      1.13066      5.64543
      6.78990      1.35207      4.24036      0.00000      0.00000
      8.08626      6.30238      2.03437      0.00000      0.00000
      7.85912      6.95523      0.00000      0.00000      0.00000
      6.59488      6.68101      1.41999      1.54589      5.75647
      7.84419      6.58875      0.00000      0.00000      0.00000
      8.43831      2.03033     0.371195      4.92475      5.14894
      8.89607      2.13912      1.16609      1.25694     0.427812
      2.65208      7.82940     0.600469      0.00000      0.00000
