     0.582498     0.387933    0.0256975    0.0254495      0.00000
      7.25049     0.253334    0.0257255      0.00000      0.00000
     0.485874     0.120258     0.165070    0.0256874    0.0255738
     0.243264    0.0184448    0.0317731    0.0217740    0.0197520
      1.17118     0.664583    0.0256787      0.00000      0.00000
      4.39356    0.0454577    0.0241278    0.0508804    0.0245858
     0.128533    0.0262886      0.00000      0.00000      0.00000
     0.169156     0.169156     0.169156     0.169156     0.169156
      4.84304     0.644951      1.31313     0.162734      0.00000
      3.55328  0.000609054     0.191872    0.0255591      0.00000
     0.458419     0.135865    0.0269491    0.0905542    0.0266540
     0.426516    0.0426111     0.271848    0.0256823    0.0256204
     0.104952     0.104952     0.104952     0.104952     0.104952
      1.67869    0.0189075          Inf      0.00000      0.00000
      49.6392      3.07525    0.0256465    0.0256814      0.00000
      2.20817     0.129301  0.000742235    0.0243618    0.0348123
     0.411830    0.0184967    0.0372101    0.0208032    0.0166257
     0.263774      1.47651      0.00000      0.00000      0.00000
     0.820100     0.523997      1.14805    0.0271994    0.0257029
    0.0624972    0.0624972    0.0624972    0.0624972    0.0624972
     0.783501     0.142086      1.22215    0.0425486     0.120286
    0.0402051    0.0402051    0.0402051    0.0402051    0.0402051
     0.185748    0.0689188   0.00104851      0.00000      0.00000
      7.97951    0.0392642    0.0513285    0.0256585      0.00000
     0.573410     0.149609     0.166144    0.0254859    0.0301943
     0.177024    0.0904655   0.00847425    0.0214338      0.00000
     0.535838    0.0537465     0.103797    0.0277775      0.00000
    0.0210211      1.81567    0.0438684    0.0332493    0.0230803
      3.68332      21.8082    0.0855577    0.0256004      0.00000
     0.281901    0.0338958    0.0404504    0.0718229    0.0256840
    0.0482150      1.08245     0.104074    0.0982722      0.00000
     0.121534    0.0341794    0.0579686    0.0253264      0.00000
     0.251819     0.454576    0.0255074    0.0378298      0.00000
     0.990545     0.982364     0.181699    0.0508157     0.222222
     0.276059      1.42617     0.293380     0.115192      0.00000
     0.213523    0.0137329    0.0358528    0.0255021      0.00000
      3.35243     0.392176      3.74237    0.0253944    0.0632256
     0.331007    0.0339679      0.00000      0.00000      0.00000
      1.37235     0.176892  0.000627414    0.0254434      0.00000
      2.76098    0.0256871   0.00197956      0.00000      0.00000
     0.764828     0.437226     0.106918    0.0999706      3.67732
    0.0283446    0.0154504    0.0239368      0.00000      0.00000
    0.0561025     0.260182    0.0163987    0.0308797    0.0382996
    0.0228628    0.0252450    0.0211084     0.130085    0.0290274
     0.898093     0.121025    0.0357269    0.0404394    0.0600535
      2.12814    0.0329465    0.0244439    0.0183752    0.0344134
     0.165478    0.0541224      2.59802      0.00000      0.00000
     0.393090    0.0428675    0.0522228    0.0191816    0.0340931
      0.00000      0.00000      0.00000      0.00000      0.00000
    0.0131798    0.0178101    0.0163027    0.0312201    0.0427650
   0.00741702    0.0172451    0.0842870    0.0695354      0.00000
      3.61350     0.362340     0.422629     0.167030      0.00000
     0.190444    0.0252762      0.00000      0.00000      0.00000
    0.0256432    0.0256432    0.0256432    0.0256432    0.0256432
   0.00622273    0.0431340     0.279195    0.0206518      0.00000
     0.588466    0.0357351      0.00000      0.00000      0.00000
    0.0258444    0.0258444    0.0258444    0.0258444    0.0258444
    0.0433133    0.0250168      0.00000      0.00000      0.00000
     0.227832    0.0277751    0.0206902      0.00000      0.00000
     0.206154     0.206154     0.206154     0.206154     0.206154
    0.0253994    0.0430211    0.0396942     0.289963     0.711591
    0.0836147    0.0836147    0.0836147    0.0836147    0.0836147
     0.139241     0.486459    0.0560491  0.000800403    0.0490081
    0.0256773    0.0376677     0.124430     0.139192      0.00000
    0.0168107    0.0168107    0.0168107    0.0168107    0.0168107
    0.0249428    0.0249428    0.0249428    0.0249428    0.0249428
    0.0257422    0.0257422    0.0257422    0.0257422    0.0257422
    0.0215769    0.0215769    0.0215769    0.0215769    0.0215769
     0.819632     0.219209    0.0300092    0.0625250    0.0351112
     0.110829    0.0246321      0.00000      0.00000      0.00000
    0.0254585    0.0254585    0.0254585    0.0254585    0.0254585
    0.0518870    0.0518870    0.0518870    0.0518870    0.0518870
    0.0342034   0.00128592      0.00000      0.00000      0.00000
    0.0268953    0.0268953    0.0268953    0.0268953    0.0268953
     0.343243     0.252128     0.383270    0.0533257      0.00000
    0.0771320   0.00571614      0.00000      0.00000      0.00000
      2.44979    0.0254563     0.242650    0.0253668      0.00000
      2.42731    0.0113101    0.0189904    0.0277770    0.0346703
    0.0213919    0.0213919    0.0213919    0.0213919    0.0213919
    0.0766755    0.0766755    0.0766755    0.0766755    0.0766755
    0.0616728     0.106203      0.00000      0.00000      0.00000
    0.0476670    0.0277878    0.0110895      0.00000      0.00000
     0.118233     0.118233     0.118233     0.118233     0.118233
     0.696609     0.209369    0.0470330     0.109979    0.0247369
    0.0376391    0.0735740      0.00000      0.00000      0.00000
     0.176319     0.354618     0.724011     0.383150      0.00000
    0.0102871    0.0167097    0.0446001      0.00000      0.00000
    0.0679325    0.0635967    0.0252835    0.0232521    0.0232181
     0.104644    0.0437284    0.0248723    0.0271294      0.00000
   0.00514495    0.0460246   0.00274922   0.00297239      0.00000
     0.323851  0.000711048    0.0257339    0.0261670      0.00000
    0.0547063    0.0142160    0.0346841      0.00000      0.00000
    0.0513620   0.00392179    0.0169319    0.0164326      0.00000
    0.0320483    0.0320483    0.0320483    0.0320483    0.0320483
    0.0325668    0.0325668    0.0325668    0.0325668    0.0325668
      2.11691     0.928747     0.313235      0.00000      0.00000
     0.959841     0.365558     0.539832     0.102647      0.00000
    0.0210518    0.0210518    0.0210518    0.0210518    0.0210518
    0.0346373    0.0346373    0.0346373    0.0346373    0.0346373
    0.0518408    0.0240397    0.0302480    0.0276408    0.0279859
      4.05470     0.531000      0.00000      0.00000      0.00000
      1.57739    0.0256541      0.00000      0.00000      0.00000
   0.00958429    0.0213942    0.0189574   0.00892350    0.0416965
    0.0255997    0.0255997    0.0255997    0.0255997    0.0255997
      0.00000      0.00000      0.00000      0.00000      0.00000
     0.477163     0.477163     0.477163     0.477163     0.477163
    0.0751365     0.113708    0.0268906      0.00000      0.00000
     0.189369     0.257122    0.0256775     0.260710      0.00000
      1.05771      1.51419    0.0550745      0.00000      0.00000
      1.65930    0.0256801      0.00000      0.00000      0.00000
      4.69404     0.284773     0.297909      1.61380     0.413577
      0.00000      0.00000      0.00000      0.00000      0.00000
     0.205790    0.0511940    0.0460242    0.0678712      0.00000
      4.42114     0.339442    0.0256999    0.0256751      0.00000
      30.8041     0.571011    0.0255582     0.899714    0.0799286
     0.403478      1.73664      1.02826      0.00000      0.00000
     0.578384    0.0975006    0.0288158    0.0255317    0.0249822
     0.136129      2.96094  0.000603475    0.0256994    0.0257070
     0.308506     0.500366     0.151549      0.00000      0.00000
     0.617317    0.0826260    0.0423932      0.00000      0.00000
    0.0244037    0.0559115      0.00000      0.00000      0.00000
     0.710500     0.575256     0.752132      4.41104      0.00000
     0.218802     0.181616     0.272763     0.105155      0.00000
      134.439      5.31029  0.000606951    0.0257106     0.835192
      4.98205    0.0475120      0.00000      0.00000      0.00000
      46.9149      2.09412     0.418488     0.953210      0.00000
    0.0892965    0.0892965    0.0892965    0.0892965    0.0892965
    0.0509112    0.0509112    0.0509112    0.0509112    0.0509112
     0.344033     0.413380      0.00000      0.00000      0.00000
     0.397925  0.000614205     0.129509    0.0256842      0.00000
      1.54143    0.0430170      0.00000      0.00000      0.00000
      1.34482     0.220813    0.0257011  0.000621917    0.0252382
     0.779950     0.551785    0.0256302     0.732745      0.00000
     0.470405     0.144409    0.0461271    0.0253939      1.26128
      3.74896     0.598539     0.715811     0.229047      1.62426
     0.309331    0.0618324    0.0814389      2.91928    0.0251820
    0.0975634    0.0975634    0.0975634    0.0975634    0.0975634
   0.00690763    0.0234002      0.00000      0.00000      0.00000
     0.480392    0.0256376      0.00000      0.00000      0.00000
     0.360508     0.389333    0.0905111    0.0536604      0.00000
      10.5807     0.617032      1.14451    0.0256368     0.144202
      3.39713     0.526982     0.651466      0.00000      0.00000
     0.281497    0.0254864    0.0255792      0.00000      0.00000
    0.0898380    0.0255928      0.00000      0.00000      0.00000
     0.521445     0.449888     0.339573     0.102790    0.0249940
     0.462028    0.0354340      0.00000      0.00000      0.00000
      10.6155     0.997114      1.02474      8.32534      3.33814
     0.892423      1.12222     0.282221      4.54928    0.0257194
     0.767614      3.26922     0.458999      0.00000      0.00000
