      8.61050      1.96632      3.58244      3.74196      5.04689
      8.15921      1.75197      1.35841      6.02227      0.00000
      8.32247      7.90969      2.03433      5.04732      3.01384
      8.60396      2.32487      2.12233      0.00000      0.00000
      8.41548      7.97901      1.59213      3.58163      0.00000
      8.28021      2.19819      1.93302      2.06906      6.59851
      8.39332      8.39332      8.39332      8.39332      8.39332
      8.04558      8.04558      8.04558      8.04558      8.04558
      7.94341      1.31000      1.60671      5.88542     0.980141
      7.94260      6.39285      3.69166      0.00000      0.00000
      8.20185      1.81182      6.60038      4.84659      6.40326
      8.51190      2.13491      3.20623      2.87736      6.79839
      7.93669      6.70175      0.00000      0.00000      0.00000
      7.81862      6.55306      2.31084      0.00000      0.00000
      7.73899      6.10140      6.22754      1.38184      1.59682
      7.42262      1.78154      0.00000      0.00000      0.00000
      7.50094      6.55247      2.32432      2.16690      0.00000
      7.21087      6.87863      0.00000      0.00000      0.00000
      7.31664      6.62880      6.42658      5.95020      1.31312
      6.95377      6.54397      0.00000      0.00000      0.00000
      6.48695      1.26593      1.10452     0.879649      4.69366
      6.90443      6.90443      6.90443      6.90443      6.90443
      7.36292      6.37678      2.67700      0.00000      0.00000
      6.49067      6.29034      2.56502     0.970072      2.04148
      5.99031     0.993072      4.84565      2.61241      2.08386
      6.08941      6.76451      1.05015      2.08245      2.61606
      5.94610      4.84324     0.967094      2.08225      2.52235
      6.48619      1.03078      2.03385      2.56861      3.58244
      6.29973      6.43838      2.52755     0.976885      2.04258
      6.06838      6.47343      4.78959     0.947570      2.03421
      6.48907      6.30195     0.965430      1.25758      4.19336
     0.955016      4.19362      2.53199     0.346981      0.00000
      5.56499     0.953022     0.815560     0.226891      4.02127
      4.49492      5.78979     0.936882      4.19377      3.89289
      5.96634     0.966746      4.02947     0.226832      0.00000
      5.56330     0.946797     0.813315      3.97410     0.226893
      5.99603      6.48043     0.965241     0.802635      0.00000
      7.42234      6.65422      0.00000      0.00000      0.00000
      7.41225      6.41535      6.60897      1.63246      3.57964
      9.59582      9.92866     0.524709      0.00000      0.00000
      9.31494      2.22297      3.74307      3.38576     0.426549
      9.15502      8.84252      2.21608      6.94182      6.69622
      8.77132      9.24574      7.44951      0.00000      0.00000
      7.10347      6.75287      9.03706      10.8196      9.76160
      8.26795      2.58665      1.74977     0.201856      2.93546
      8.06431      7.77105      1.73480      2.63706      2.88915
      8.20958      9.30643      6.40327      2.33588      0.00000
      9.44655      8.82939      2.13385      2.97279      1.97902
      9.01468      9.01468      9.01468      9.01468      9.01468
      8.23930      7.97761      8.38348      8.76924      9.10363
      8.55190      1.53590      2.66754      1.80784      2.88854
      8.04613      1.90004      3.59077     0.263962      0.00000
      8.26973      7.99513      6.73142      0.00000      0.00000
      7.95361      8.16163      0.00000      0.00000      0.00000
      6.92077      6.25343      6.67872      1.34458      1.98363
      7.76439      6.85451      0.00000      0.00000      0.00000
      7.15685      7.15685      7.15685      7.15685      7.15685
      7.25727      6.36400      5.44902      1.90913      0.00000
      7.43414      6.38288      1.38315      2.89079      1.86642
      7.46750      8.90203      0.00000      0.00000      0.00000
      6.30139      6.52920      8.40846      7.34362      9.76230
      7.10650      7.10650      7.10650      7.10650      7.10650
      6.30283      6.61937      1.82817      0.00000      0.00000
      6.49301      4.54023     0.950271      1.30979      2.06711
      6.94787      6.94787      6.94787      6.94787      6.94787
      6.92405      6.92405      6.92405      6.92405      6.92405
      6.51962      5.32368      0.00000      0.00000      0.00000
      6.95487      6.95487      6.95487      6.95487      6.95487
      6.48122      6.31114      4.71537      4.39145     0.939535
      7.60167      7.60167      7.60167      7.60167      7.60167
      6.99589      6.99589      6.99589      6.99589      6.99589
      6.93251      6.93251      6.93251      6.93251      6.93251
      7.01284      7.01284      7.01284      7.01284      7.01284
      6.90132      6.34475      0.00000      0.00000      0.00000
      5.72717      4.61795     0.916848      4.12533      3.93538
      7.22363      7.22363      7.22363      7.22363      7.22363
      5.97812      6.47272     0.954032     0.802349      1.21029
      6.75788      6.15042      1.53144      1.77437      3.64009
      6.52124      6.70784      0.00000      0.00000      0.00000
      6.30631      6.30631      6.30631      6.30631      6.30631
      6.44001      6.44001      6.44001      6.44001      6.44001
      6.89042      6.89042      6.89042      6.89042      6.89042
      7.26991      7.26991      7.26991      7.26991      7.26991
      7.52931      6.05129      6.63299      1.45223      1.66614
      8.09040      6.47150      0.00000      0.00000      0.00000
      7.74157      5.88248      1.30813     0.945732      3.58599
      6.61369      5.26051      2.68629      2.90944      3.23462
      6.45717      1.17887      2.58141      3.02498      3.57518
      6.72316      2.68482      2.91341      0.00000      0.00000
      6.67709      2.68749      5.04649      2.90855      3.16448
      6.88380      1.80219      3.71683      0.00000      0.00000
      6.51911      5.26151      2.72458      3.27286      0.00000
      6.72847      5.27347      0.00000      0.00000      0.00000
      6.54495      6.54495      6.54495      6.54495      6.54495
      7.07297      7.07297      7.07297      7.07297      7.07297
      6.23906      1.03882      4.10738      3.88755      4.34939
      6.47435      1.07235      3.89173      4.02164     0.338772
      5.89134      5.89134      5.89134      5.89134      5.89134
      6.25711      6.25711      6.25711      6.25711      6.25711
      6.51761      1.17940      2.63393      3.02464      3.58038
      8.06922      6.05169      1.45337      6.63115      1.68359
      7.45455      6.66543      0.00000      0.00000      0.00000
      1.51370      7.45974      1.82029     0.307876      2.13863
      7.95631      6.74075      0.00000      0.00000      0.00000
      0.00000      0.00000      0.00000      0.00000      0.00000
      8.58368      6.85493      0.00000      0.00000      0.00000
      8.68620      7.47626      0.00000      0.00000      0.00000
      8.05698      7.90541      2.70037      1.48786      4.29490
      6.08156      6.96641      1.29998      1.12311      4.58740
      9.39723      8.61261      0.00000      0.00000      0.00000
      2.00218     0.496702      3.95082      0.00000      0.00000
      0.00000      0.00000      0.00000      0.00000      0.00000
      7.45145      1.81895      2.43123     0.931060      0.00000
      8.80708      9.16244      2.20195      3.24141      3.58504
      6.28469      1.31071      1.08172     0.226608      0.00000
      8.69671      2.10427      3.08097      0.00000      0.00000
      6.61322      6.40563      1.00920      2.52773      4.74538
      6.32511      7.06650      1.38154      1.78326      3.13910
      8.38799      2.00000      3.58311     0.358211      3.21167
      9.94578      9.94578      9.94578      9.94578      9.94578
      10.3993      8.27429      8.08147      0.00000      0.00000
      8.29087      2.00903     0.361200      3.56778      4.89465
      8.42094      2.13981     0.504077      5.48267      0.00000
      11.2706      10.3379      2.62753      2.94448      0.00000
      9.94561      8.57899      8.82775      0.00000      0.00000
      11.1229      2.68854      3.46716      3.33285      3.80140
      8.66991      8.87514      0.00000      0.00000      0.00000
      6.89075      6.89075      6.89075      6.89075      6.89075
      7.14225      7.14225      7.14225      7.14225      7.14225
      8.90811      1.98746      5.02240      3.03932      2.86255
      7.94738      8.23725      6.70428      0.00000      0.00000
      8.17569      1.76686      1.32578      3.91769      6.00156
      6.29163      1.24412     0.879666      4.74618      5.23046
      8.27243      1.76546      1.31082      5.80175      2.98827
      7.62698      1.28472      5.84322      1.11254      1.61246
      7.44735      4.99659      1.14698      6.05307      2.61213
      7.64505      7.64505      7.64505      7.64505      7.64505
      6.94708      6.94708      6.94708      6.94708      6.94708
      6.80438      7.34560      7.43734      0.00000      0.00000
      8.15307      1.75970      1.30741      2.93085      5.70027
      7.03170      6.17064      1.29452     0.829460      0.00000
      6.79183      1.08159     0.277033      4.05013      4.46332
      8.11965      1.75869      6.45347      3.64134      3.51598
      7.92308      6.95447      0.00000      0.00000      0.00000
      6.71362      6.03677      1.27402      1.38449     0.979514
      7.92025      6.59157      0.00000      0.00000      0.00000
      8.43527      2.01187     0.385309      4.93745      1.28022
      8.91871      2.13880      1.71044      1.28065     0.410521
      2.75399      8.83794      1.50370      1.17795      0.00000
