     0.647410     0.304144    0.0594044    0.0257045    0.0254024
     0.536123     0.449175    0.0523693     0.211507      0.00000
     0.709501    0.0256884    0.0255430    0.0258165  0.000620209
     0.254353    0.0198916    0.0189092      0.00000      0.00000
      1.14528     0.567175      1.64190    0.0414755      0.00000
     0.736883    0.0728100    0.0250966     0.108324    0.0608874
     0.150174     0.150174     0.150174     0.150174     0.150174
     0.203951     0.203951     0.203951     0.203951     0.203951
      1.06797     0.299642     0.965751     0.566874    0.0257346
     0.672670    0.0593175    0.0257219      0.00000      0.00000
     0.371726     0.386064    0.0602316    0.0256960    0.0257389
     0.302918    0.0256307     0.170867     0.389877    0.0675049
    0.0907618    0.0268889      0.00000      0.00000      0.00000
     0.310743    0.0284262          Inf      0.00000      0.00000
      2.42923     0.168131     0.228921    0.0256836     0.564328
     0.530532    0.0249899      0.00000      0.00000      0.00000
     0.337453    0.0278736    0.0197186    0.0167346      0.00000
     0.442531     0.120843      0.00000      0.00000      0.00000
      1.61631      1.02302     0.957677    0.0324206    0.0573159
    0.0394871    0.0241295      0.00000      0.00000      0.00000
      1.52588     0.207379    0.0724478    0.0256868    0.0389460
    0.0316195    0.0316195    0.0316195    0.0316195    0.0316195
     0.193465    0.0845752    0.0239171      0.00000      0.00000
    0.0951217     0.525771    0.0132542    0.0474083    0.0329325
      1.30135     0.101883    0.0346528    0.0403522    0.0256622
     0.347149     0.470428    0.0780861    0.0254881    0.0300201
     0.798596    0.0300218    0.0823440    0.0251518    0.0254930
     0.228130    0.0666125    0.0257413    0.0166850    0.0253438
     0.265553      1.20745    0.0238403    0.0579896    0.0481926
     0.448696    0.0844995    0.0267711    0.0660355    0.0259733
     0.296866     0.177920    0.0692522    0.0943396    0.0256361
     0.246075    0.0256504    0.0321388    0.0424213      0.00000
      1.18621     0.279764     0.190622    0.0257218     0.208375
    0.0255849      1.02025     0.430028    0.0256608    0.0255633
      1.35430     0.398777     0.217752    0.0256891      0.00000
      1.01691     0.272934     0.163383    0.0726498    0.0257322
     0.690669     0.191583     0.293976     0.195906      0.00000
     0.643495    0.0256365      0.00000      0.00000      0.00000
      1.37701    0.0377658      2.04279    0.0255112    0.0340982
      6.55322     0.950958    0.0247569      0.00000      0.00000
      1.44157     0.379297    0.0902090     0.699546     0.186354
     0.535640     0.119169    0.0194320    0.0460216    0.0345156
    0.0363169     0.159654    0.0286088      0.00000      0.00000
    0.0248896    0.0248580   0.00693207    0.0248095    0.0245614
     0.381565    0.0255270    0.0595846  0.000661653    0.0552930
     0.101575     0.514767    0.0270518    0.0256387    0.0253573
      5.36721      4.76017    0.0257052    0.0256763      0.00000
     0.437010     0.269695    0.0285616    0.0524156    0.0877817
    0.0255295    0.0255295    0.0255295    0.0255295    0.0255295
    0.0393890    0.0434131    0.0427462    0.0250132    0.0643903
     0.377953    0.0314417    0.0704756    0.0101981    0.0256129
      1.86350     0.410521     0.590897     0.181232      0.00000
     0.487481     0.170933    0.0966000      0.00000      0.00000
    0.0385127    0.0252328      0.00000      0.00000      0.00000
    0.0599731     0.226513     0.303275    0.0370983    0.0266170
     0.204567    0.0254243      0.00000      0.00000      0.00000
    0.0254865    0.0254865    0.0254865    0.0254865    0.0254865
    0.0254899    0.0615905    0.0257645    0.0224208      0.00000
     0.408091     0.114696    0.0251339    0.0247101    0.0139864
     0.269784    0.0208039      0.00000      0.00000      0.00000
    0.0289277     0.131911    0.0296574    0.0505066    0.0318125
     0.112243     0.112243     0.112243     0.112243     0.112243
    0.0256746     0.171100    0.0233869      0.00000      0.00000
    0.0590752    0.0289162    0.0248097    0.0174997    0.0148404
    0.0303086    0.0303086    0.0303086    0.0303086    0.0303086
    0.0440227    0.0440227    0.0440227    0.0440227    0.0440227
    0.0541765    0.0309812      0.00000      0.00000      0.00000
    0.0281121    0.0281121    0.0281121    0.0281121    0.0281121
    0.0831122     0.434904     0.427786    0.0248718    0.0662162
     0.124702     0.124702     0.124702     0.124702     0.124702
    0.0231018    0.0231018    0.0231018    0.0231018    0.0231018
    0.0555353    0.0555353    0.0555353    0.0555353    0.0555353
     0.154291     0.154291     0.154291     0.154291     0.154291
    0.0248872    0.0227856      0.00000      0.00000      0.00000
     0.591189     0.111348     0.177946    0.0913306    0.0489737
    0.0565237    0.0565237    0.0565237    0.0565237    0.0565237
     0.669822     0.101668     0.323369     0.189260     0.375448
     0.661660    0.0257588    0.0255482    0.0634298    0.0255978
    0.0341690    0.0342155      0.00000      0.00000      0.00000
     0.339536     0.339536     0.339536     0.339536     0.339536
     0.121394     0.121394     0.121394     0.121394     0.121394
    0.0728653    0.0728653    0.0728653    0.0728653    0.0728653
     0.120528     0.120528     0.120528     0.120528     0.120528
     0.654392    0.0293809      1.97209    0.0452545     0.147206
    0.0607950    0.0322710      0.00000      0.00000      0.00000
      1.82753     0.566323     0.150272    0.0600844    0.0363916
     0.220454     0.188515    0.0255431    0.0148577    0.0253415
     0.113946    0.0250046    0.0231034    0.0195245    0.0206935
     0.126781    0.0254144    0.0386877      0.00000      0.00000
     0.134184    0.0265793    0.0260243    0.0160857    0.0222688
     0.247210    0.0441507  0.000828034      0.00000      0.00000
    0.0743993    0.0461519    0.0179403    0.0189164      0.00000
     0.100453   0.00631939      0.00000      0.00000      0.00000
    0.0736803    0.0736803    0.0736803    0.0736803    0.0736803
    0.0700992    0.0700992    0.0700992    0.0700992    0.0700992
     0.640247      3.18094     0.381283    0.0949829      1.55846
     0.352208     0.401730    0.0876216      1.31094    0.0370783
    0.0219290    0.0219290    0.0219290    0.0219290    0.0219290
    0.0398771    0.0398771    0.0398771    0.0398771    0.0398771
    0.0794455    0.0252157    0.0245358    0.0207904    0.0238324
      1.25339    0.0256651    0.0469202      2.09194      1.00836
      2.70912    0.0367565      0.00000      0.00000      0.00000
    0.0176787    0.0246907    0.0164338    0.0331562    0.0248033
     0.603725    0.0614655      0.00000      0.00000      0.00000
      0.00000      0.00000      0.00000      0.00000      0.00000
     0.459343    0.0257067      0.00000      0.00000      0.00000
     0.104206    0.0277565      0.00000      0.00000      0.00000
     0.217019      1.03298    0.0517604     0.643648    0.0602884
     0.904009      2.17384     0.534898     0.170167     0.208538
      1.03444    0.0256537      0.00000      0.00000      0.00000
     0.363163     0.268678      4.09751      0.00000      0.00000
      0.00000      0.00000      0.00000      0.00000      0.00000
     0.371622    0.0227604    0.0349123    0.0252125      0.00000
     0.256323      1.70764     0.114918    0.0659379     0.166719
      2.00664     0.318985     0.455644    0.0255413      0.00000
      1.31977     0.296446     0.272589      0.00000      0.00000
     0.244147     0.366233    0.0857525    0.0239587    0.0253866
    0.0479087      1.51834    0.0255424     0.133615    0.0256060
     0.642602     0.300406     0.128597     0.232830     0.103382
     0.889924     0.889924     0.889924     0.889924     0.889924
      2.09507     0.114263    0.0467884      0.00000      0.00000
      2.99391     0.888467     0.450341     0.746193      2.03652
     0.822329     0.403638     0.184334     0.323010      0.00000
      40.2828      3.17923      2.83986     0.688290      0.00000
      1.68113    0.0421311     0.368987      0.00000      0.00000
      23.0434     0.211348     0.151254      1.23838     0.414982
    0.0722084     0.198518      0.00000      0.00000      0.00000
     0.158815     0.158815     0.158815     0.158815     0.158815
     0.510925     0.510925     0.510925     0.510925     0.510925
     0.594777    0.0287205  0.000623434    0.0255516     0.310914
     0.400048      1.08518    0.0255744      0.00000      0.00000
     0.617573     0.400012    0.0699410  0.000626334    0.0257265
     0.936993      1.44425    0.0256780    0.0256969     0.406006
     0.383997     0.206838     0.128435    0.0267701    0.0255114
      1.81241     0.781274     0.814526     0.234166      1.27580
     0.503889    0.0253400    0.0416526     0.530155  0.000619437
     0.112384     0.112384     0.112384     0.112384     0.112384
     0.132926     0.132926     0.132926     0.132926     0.132926
    0.0253732     0.446395     0.733491      0.00000      0.00000
      2.33000     0.618351     0.423539    0.0524949     0.125489
      4.23186      2.14917     0.684492    0.0256875      0.00000
      1.46613      3.47308    0.0256517     0.199509     0.420260
     0.724886     0.217220    0.0257208    0.0256600  0.000653206
    0.0748532    0.0252587      0.00000      0.00000      0.00000
     0.460056    0.0600028    0.0450069    0.0605780    0.0261905
     0.306922    0.0628334      0.00000      0.00000      0.00000
      1.68565      1.76805     0.732695      1.57210      5.87351
     0.791308      1.14779      6.56888      4.72377    0.0484575
     0.433758     0.818807     0.259243     0.386826      0.00000
