      1.98598      8.60506      1.76105      4.99714      1.34021
      8.17453      1.76213      1.32142      4.59562      5.91923
      8.32677      7.90958      8.00181      3.21591      6.40324
      8.57356      6.69627      2.22844      6.30111      0.00000
      8.41549      1.76200      1.33152      1.60756      0.00000
      8.28341      2.03412      2.30237      6.56052      5.64826
      8.29265      8.29265      8.29265      8.29265      8.29265
      8.03003      8.03003      8.03003      8.03003      8.03003
      7.94900      1.73993      1.29255      5.87278      4.60069
      7.95028      6.39170      6.19940      1.76359      1.58236
      8.27023      4.74619      6.79908      5.34067      0.00000
      8.53438      3.20734      4.69594      7.80700      5.89641
      7.91848      7.91848      7.91848      7.91848      7.91848
      7.77477      6.29813      2.31103      0.00000      0.00000
      7.74824      6.21663      1.28137      1.49623      0.00000
      7.42860      6.39125      1.78305      3.58458      3.38846
      7.50570      6.35057      2.26063      2.52562      6.07689
      7.18341      7.18341      7.18341      7.18341      7.18341
      7.37364      6.41674      6.03797      1.36612      1.18072
      6.95109      6.95109      6.95109      6.95109      6.95109
      6.48062      1.17545      5.24502      4.21606      0.00000
      6.90278      6.90278      6.90278      6.90278      6.90278
      7.24557      6.39839      3.61641      0.00000      0.00000
      6.48114      6.28457      1.21125      1.86337      2.52710
      5.95414      1.11129      1.25028      4.74561      2.59392
      6.73921      6.06473      1.25340      2.53377      0.00000
      5.91309      4.79607      1.25447      1.13093      3.79280
      6.47067      1.23101      1.86994      2.52539      3.79297
      6.43584      6.29748      1.15579      1.26818      4.16876
      5.99276      6.46261      4.74400      1.18806      1.34902
      6.47699      6.29726      1.28286      1.11038      1.76876
      5.68198      4.52194      4.39323      1.04733      4.02465
      5.49526      1.04370     0.175814      3.87759      3.57700
      4.42086      5.79228      4.58873     0.941304      4.01774
      5.89083      1.05919      4.60145     0.175739      3.86552
      5.48667     0.962607      3.87654     0.226638      3.63162
      5.99297      6.46608      1.06551     0.125652      3.59014
      7.39023      6.64416      0.00000      0.00000      0.00000
      7.41377      6.46639      6.10180      1.76343      5.07261
      9.94568      9.56673      1.10571      0.00000      0.00000
      9.32831      2.25686      3.71301     0.384144      6.34524
      8.83802      9.12492      2.16188      2.30497      6.69586
      8.76859      9.19291      7.42452      5.26012      5.45687
      7.20479      8.65935      10.9695      9.81515      0.00000
      8.26733      2.64916      1.90469      4.14916     0.427217
      7.72511      2.63648      1.78295      1.43360      2.94056
      8.26796      9.31695      6.22753      0.00000      0.00000
      9.41103      2.13553      8.83138      3.03898      0.00000
      8.91420      8.91420      8.91420      8.91420      8.91420
      8.38433      8.25115      7.99158      9.08822      9.43350
      8.53677      2.68420      1.81329      1.10059      1.54295
      8.12496      1.91834      3.56000     0.208917     0.307438
      7.98972      8.24710      6.65380      0.00000      0.00000
      7.96638      7.13171      0.00000      0.00000      0.00000
      1.83036      6.80504      6.36174      1.34443      1.53680
      7.72465      6.85448      0.00000      0.00000      0.00000
      7.05662      7.05662      7.05662      7.05662      7.05662
      7.10678      6.36165      5.39761      0.00000      0.00000
      7.42156      6.38832      8.05903      1.87277      1.34211
      7.45476      6.85494      0.00000      0.00000      0.00000
      6.80451      8.25412      9.07151      10.6669      9.71095
      7.05021      7.05021      7.05021      7.05021      7.05021
      6.61443      6.92133      6.37424      1.65806      1.78294
      6.48817      6.31355      4.56952      1.21263      1.39593
      6.94336      6.94336      6.94336      6.94336      6.94336
      6.91289      6.91289      6.91289      6.91289      6.91289
      6.51032      6.51032      6.51032      6.51032      6.51032
      6.95334      6.95334      6.95334      6.95334      6.95334
      6.47015      6.27213      4.55575      1.15945      1.38849
      7.56987      6.75302      0.00000      0.00000      0.00000
      6.98769      6.98769      6.98769      6.98769      6.98769
      6.90777      6.90777      6.90777      6.90777      6.90777
      6.96492      6.96492      6.96492      6.96492      6.96492
      6.89887      6.28671      0.00000      0.00000      0.00000
     0.948232      5.73761      4.62227      4.33553      4.03581
      7.17256      7.17256      7.17256      7.17256      7.17256
      5.95848      6.45738      1.05493     0.124761      2.21739
      6.75396      6.14805      1.37940      1.50784      1.78853
      6.51590      6.71247      7.17882      0.00000      0.00000
      6.23151      6.23151      6.23151      6.23151      6.23151
      6.43357      4.75054      0.00000      0.00000      0.00000
      6.86560      1.40699      0.00000      0.00000      0.00000
      7.24511      7.24511      7.24511      7.24511      7.24511
      5.99939      7.54030      1.28098      1.53080      0.00000
      8.08255      6.47716      2.10999      0.00000      0.00000
      7.75313      5.72596      1.26603      1.66745      5.39842
      6.58441      5.06061      3.08397      0.00000      0.00000
      6.43185      4.89600      1.34536      2.52050      3.58039
      6.69820      5.04813      2.66234      2.33761      0.00000
      6.61740      5.03954      2.66234      2.36106      0.00000
      6.86347      6.34146      6.10168      1.73296      1.85452
      6.50036      5.18258      5.04719      0.00000      0.00000
      6.69773      5.36809      0.00000      0.00000      0.00000
      6.52033      5.52454      0.00000      0.00000      0.00000
      6.86679      7.01830      0.00000      0.00000      0.00000
      6.23986      1.05057      3.98809     0.327181      0.00000
      6.46111      1.25451      3.93926     0.327099      0.00000
      5.87145      5.87145      5.87145      5.87145      5.87145
      6.19230      6.19230      6.19230      6.19230      6.19230
      6.50414      1.37994      4.89513      3.58067      2.51934
      8.06860      6.17962      1.28141      1.51338      0.00000
      7.45130      6.65431      0.00000      0.00000      0.00000
      1.51539      7.41128      1.82686     0.273706      2.13656
      7.95157      6.75445      0.00000      0.00000      0.00000
      0.00000      0.00000      0.00000      0.00000      0.00000
      8.51441      6.80480      0.00000      0.00000      0.00000
      8.60871      8.60871      8.60871      8.60871      8.60871
      8.03129      7.90862      1.73502      4.17790      3.88267
      7.00017      6.09033      1.38422      1.12970      0.00000
      9.39462      8.61263      0.00000      0.00000      0.00000
      8.13604      2.00422     0.372079      3.67142      0.00000
      0.00000      0.00000      0.00000      0.00000      0.00000
      7.36942      2.18967      6.38128      1.08281      0.00000
      9.15997      8.79950      2.15462      3.01246      5.02240
      6.27416      1.34376     0.226577      4.86974     0.495495
      8.69105      2.12527      4.91057      4.16985      0.00000
      6.62074      1.29272      1.12450      1.77352      4.69519
      6.31934      7.07550      1.35457      2.89642      3.69156
      8.38361      2.00159     0.345103      3.58236      3.24793
      9.93553      8.37249      0.00000      0.00000      0.00000
      10.3894      8.29084      8.06028      0.00000      0.00000
      8.29693      2.01277     0.341742      3.55733      4.93565
      8.41407      2.13967     0.376501      5.57205      5.04003
      11.2688      10.3275      3.74198      2.64501      2.97141
      9.93648      8.55114      8.83526      0.00000      0.00000
      11.1171      2.72564      3.45825      3.33393      3.65037
      8.69540      8.83916      8.48094      0.00000      0.00000
      6.88148      6.88148      6.88148      6.88148      6.88148
      7.04395      6.90275      6.70373      0.00000      0.00000
      8.90459      7.93882      2.18523      3.24567      0.00000
      7.94135      6.70419      0.00000      0.00000      0.00000
      8.18138      1.76586      1.32800      4.41983      5.70024
      6.29846      1.17555      1.03028      3.88963      5.43957
      8.27547      1.76817      1.28504      4.31702      0.00000
      7.63825      1.72885      1.28688      5.76910      1.11869
      7.42412      4.89686      5.07322      1.33102      5.89741
      7.58777      7.58777      7.58777      7.58777      7.58777
      6.89976      6.89976      6.89976      6.89976      6.89976
      7.33647      6.79684      0.00000      0.00000      0.00000
      8.16308      1.76366      1.30591      4.61110      0.00000
      7.07735      6.18620      1.37955      1.13716      0.00000
      6.80175      6.97514      1.31165      1.11093     0.226715
      8.10854      1.83349      6.21209      6.38728      3.66662
      7.90979      6.95491      0.00000      0.00000      0.00000
      6.70226      5.96596      1.32229      1.72285      4.24070
      7.86928      6.57344      0.00000      0.00000      0.00000
      8.43785      2.01790     0.329762      5.14898      5.01448
      8.91261      2.13919      1.26925      5.88468      4.96607
      2.65267      7.80279      7.56789      0.00000      0.00000
