     0.376240     0.590933     0.446260    0.0256324     0.307174
     0.843541     0.220287     0.389772    0.0257035     0.299629
     0.564942    0.0256329     0.539533     0.139831    0.0257040
     0.256809    0.0266044    0.0223446    0.0284051      0.00000
      1.05427      2.57884    0.0256301     0.685707      0.00000
     0.689978    0.0254257    0.0676843    0.0915914    0.0258842
     0.172722     0.172722     0.172722     0.172722     0.172722
     0.280875     0.280875     0.280875     0.280875     0.280875
      2.01468     0.472019     0.239496     0.740217     0.877059
      1.01879     0.126892     0.399730     0.242110    0.0255306
     0.623296    0.0257112    0.0575995    0.0834572      0.00000
     0.531851     0.166409    0.0256912    0.0529777    0.0579470
     0.105538     0.105538     0.105538     0.105538     0.105538
     0.357335    0.0248846   0.00827009      0.00000      0.00000
      1.74142     0.304240    0.0256671     0.274785      0.00000
     0.438999    0.0625371    0.0257772    0.0253526    0.0254376
     0.313316    0.0251521   0.00188589    0.0209130          Inf
     0.402235     0.402235     0.402235     0.402235     0.402235
     0.904664     0.660597    0.0889919    0.0901299    0.0255783
    0.0513022    0.0513022    0.0513022    0.0513022    0.0513022
      1.56407     0.101429    0.0364063     0.531120      0.00000
    0.0374556    0.0374556    0.0374556    0.0374556    0.0374556
     0.205299     0.155297   0.00507938      0.00000      0.00000
    0.0955816     0.209110    0.0731169    0.0100208    0.0238586
     0.581810     0.256088    0.0998163    0.0254006    0.0366858
     0.703793     0.938747    0.0765069    0.0363802      0.00000
      1.17138    0.0255220    0.0645476      1.35563    0.0254673
     0.210173    0.0463597    0.0170626    0.0235143    0.0258570
     0.886065     0.485949     0.106655     0.364688  0.000747490
     0.755122    0.0919171    0.0273739    0.0619929    0.0302549
     0.227249     0.288998    0.0826643    0.0754308    0.0181504
      2.07524     0.527537    0.0307222     0.135547    0.0785289
      4.42319     0.235073    0.0252737     0.359753    0.0627186
    0.0760428      1.00072     0.464735     0.603628     0.108267
      2.54057     0.449100     0.966260    0.0252309     0.816018
      4.32014     0.195914    0.0808915    0.0256089    0.0538601
      1.00413     0.208353     0.484337    0.0253124    0.0611969
     0.455201    0.0651761      0.00000      0.00000      0.00000
      1.44278     0.151423    0.0256522    0.0555955  0.000679487
      1.03916    0.0256780   0.00210988      0.00000      0.00000
     0.878869     0.375487    0.0901210    0.0738795      1.07010
     0.156575     0.332515    0.0148971    0.0206930    0.0298690
    0.0372521     0.137025    0.0470382    0.0256886    0.0306658
    0.0246618    0.0253810    0.0259778    0.0263544      0.00000
     0.298034    0.0703047     0.112235     0.201712    0.0254745
     0.474631    0.0253382    0.0253923    0.0260670    0.0321091
     0.721786      2.66367  0.000604578      0.00000      0.00000
     0.600036    0.0254751     0.268904    0.0257007      0.00000
    0.0255469    0.0255469    0.0255469    0.0255469    0.0255469
    0.0474549    0.0445282    0.0552710    0.0688777    0.0418099
     0.296116    0.0723309    0.0143004    0.0151550    0.0252304
      2.62718     0.530422     0.413672    0.0996440     0.196457
     0.203111     0.193817    0.0255140      0.00000      0.00000
    0.0573078   0.00942312      0.00000      0.00000      0.00000
    0.0238005    0.0256826    0.0904812    0.0488683    0.0233972
     0.158741    0.0254049      0.00000      0.00000      0.00000
    0.0253822    0.0253822    0.0253822    0.0253822    0.0253822
    0.0254101    0.0784942    0.0251037      0.00000      0.00000
     0.197573     0.144141    0.0263416    0.0188652    0.0253318
     0.361578    0.0255727      0.00000      0.00000      0.00000
    0.0254244    0.0417195    0.0312282    0.0340787    0.0330369
     0.209770     0.209770     0.209770     0.209770     0.209770
     0.113756     0.622408     0.115108   0.00137237    0.0390677
    0.0599114     0.565400    0.0491857    0.0309600    0.0222452
    0.0332744    0.0332744    0.0332744    0.0332744    0.0332744
    0.0356591    0.0356591    0.0356591    0.0356591    0.0356591
    0.0504320    0.0504320    0.0504320    0.0504320    0.0504320
    0.0291275    0.0291275    0.0291275    0.0291275    0.0291275
    0.0895927     0.269023    0.0651776    0.0389359    0.0326582
     0.106697    0.0248700      0.00000      0.00000      0.00000
    0.0178653    0.0178653    0.0178653    0.0178653    0.0178653
    0.0432967    0.0432967    0.0432967    0.0432967    0.0432967
     0.143839     0.143839     0.143839     0.143839     0.143839
    0.0245083    0.0184052      0.00000      0.00000      0.00000
     0.626932     0.506013     0.103819    0.0776314    0.0489974
    0.0644484    0.0644484    0.0644484    0.0644484    0.0644484
     0.486465     0.112911     0.459873    0.0248919    0.0139308
     0.269124    0.0334717    0.0247344    0.0130519    0.0378151
    0.0377104    0.0282668   0.00736132      0.00000      0.00000
    0.0903712    0.0903712    0.0903712    0.0903712    0.0903712
     0.161429    0.0272143      0.00000      0.00000      0.00000
     0.104475    0.0225593      0.00000      0.00000      0.00000
     0.129079     0.129079     0.129079     0.129079     0.129079
    0.0299060     0.469827    0.0254956    0.0907497      0.00000
    0.0641432    0.0947528    0.0144106      0.00000      0.00000
      1.22075      2.89135     0.133531     0.593421     0.320375
     0.192563    0.0388157    0.0293873      0.00000      0.00000
     0.154255    0.0255776    0.0391458    0.0242756    0.0244309
     0.139526     0.104020   0.00268544    0.0281229      0.00000
     0.175950    0.0673577   0.00210886   0.00220430      0.00000
     0.290813    0.0485970    0.0256960    0.0256780    0.0427144
    0.0938840    0.0527157    0.0261695      0.00000      0.00000
     0.141670    0.0348009      0.00000      0.00000      0.00000
    0.0587911    0.0282747      0.00000      0.00000      0.00000
    0.0831935    0.0706780      0.00000      0.00000      0.00000
     0.654147     0.837578      1.14214    0.0256161      0.00000
     0.366705     0.761234     0.174111    0.0255881      0.00000
    0.0204807    0.0204807    0.0204807    0.0204807    0.0204807
    0.0402413    0.0402413    0.0402413    0.0402413    0.0402413
     0.161253    0.0249963    0.0252124    0.0266145    0.0261585
      1.33144     0.779138    0.0256962     0.783512      0.00000
      1.64471    0.0256753      0.00000      0.00000      0.00000
    0.0175568    0.0236581    0.0216930    0.0360524    0.0251766
     0.711798    0.0255635      0.00000      0.00000      0.00000
      0.00000      0.00000      0.00000      0.00000      0.00000
     0.338117    0.0257504      0.00000      0.00000      0.00000
     0.118685     0.118685     0.118685     0.118685     0.118685
     0.225811     0.924620     0.168531     0.174076     0.151695
      4.57780     0.700304     0.962277     0.146609      0.00000
     0.960752    0.0256646      0.00000      0.00000      0.00000
      6.16191     0.310400     0.105035      1.30186      0.00000
      0.00000      0.00000      0.00000      0.00000      0.00000
     0.238908    0.0353974     0.135235    0.0253911      0.00000
      1.75543     0.346095     0.413106     0.676531  0.000603275
      2.95841     0.404010    0.0255286     0.249044     0.313185
      1.11017     0.332295     0.428215     0.835032      0.00000
     0.321458    0.0939046    0.0831894    0.0225816    0.0253826
     0.382483      1.44697    0.0485348    0.0338226    0.0258538
     0.578956     0.278786     0.167840     0.216798     0.190273
     0.937221    0.0365604      0.00000      0.00000      0.00000
      2.13700    0.0880816    0.0257203      0.00000      0.00000
      2.54999     0.859824     0.380944     0.615461      2.65577
     0.616210     0.224090    0.0757817     0.623700     0.156392
      38.1272      3.99049    0.0256990      3.13742     0.863778
      1.73246    0.0645408     0.437448      0.00000      0.00000
      23.9260      2.62138     0.132088     0.935270      53.1779
    0.0732986     0.147292     0.159875      0.00000      0.00000
     0.169031     0.169031     0.169031     0.169031     0.169031
      1.59257    0.0884389    0.0252683      0.00000      0.00000
     0.656156     0.151593    0.0256871    0.0697912      0.00000
     0.473719    0.0255302      0.00000      0.00000      0.00000
     0.590188     0.199312     0.315232  0.000621231    0.0257067
     0.699244     0.471618    0.0256603    0.0607719     0.199955
     0.362240     0.140243     0.115090     0.596549      0.00000
      2.32137     0.498129     0.384221      2.51906     0.275156
     0.411064    0.0256917     0.177187    0.0253773     0.386173
     0.166136     0.166136     0.166136     0.166136     0.166136
     0.317613     0.317613     0.317613     0.317613     0.317613
     0.524725    0.0476021      0.00000      0.00000      0.00000
      1.77518     0.463030     0.652113      1.25880      0.00000
      3.98386      1.36858     0.690760     0.188908      0.00000
      1.28185      2.84929     0.716466     0.440292    0.0255985
     0.344861    0.0255584    0.0353479     0.185247  0.000643955
    0.0863591    0.0254552      0.00000      0.00000      0.00000
     0.464388    0.0492869    0.0402460    0.0914735    0.0303596
     0.558629    0.0451074      0.00000      0.00000      0.00000
      1.50797      1.32689     0.604221      5.78711      108.596
      1.39010     0.990396      1.75879      3.97392      4.21918
      1.01975      2.12761      2.63257      0.00000      0.00000
