Mean Zmetal + Err (1sig) -Err (1sig)
    0.0257132    0.0422841   0.00776608
    0.0228096    0.0400837   0.00639849
    0.0276714    0.0432134   0.00968617
    0.0250056    0.0410579   0.00719065
    0.0236703    0.0407422   0.00730360
    0.0296927    0.0440747    0.0115286
    0.0182341    0.0365731   0.00426760
    0.0166571    0.0372293   0.00480210
    0.0234446    0.0412693   0.00643846
    0.0221882    0.0394781   0.00608865
    0.0262329    0.0423690   0.00754520
    0.0254303    0.0413620   0.00760127
    0.0296183    0.0428222    0.0152859
    0.0242183    0.0407892   0.00771820
    0.0263324    0.0423881   0.00854450
    0.0167368    0.0360900   0.00433381
    0.0323793    0.0444906    0.0158674
    0.0137999    0.0341937   0.00324085
    0.0205555    0.0395255   0.00544561
    0.0243358    0.0409635   0.00737794
    0.0235529    0.0405231   0.00720799
   0.00719816    0.0227632   0.00207805
   0.00845147    0.0228277   0.00191728
   0.00509305    0.0162335   0.00164204
    0.0260198    0.0417497   0.00941492
    0.0157224    0.0354956   0.00365464
    0.0165114    0.0354213   0.00574701
    0.0104576    0.0309965   0.00238458
    0.0107596    0.0325867   0.00245555
   0.00688784    0.0212993   0.00176226
   0.00972750    0.0286579   0.00235249
    0.0157819    0.0357093   0.00359691
    0.0185983    0.0374317   0.00482600
    0.0241445    0.0406826   0.00688890
    0.0184267    0.0374527   0.00508983
    0.0160392    0.0355137   0.00385072
    0.0137999    0.0343318   0.00332709
    0.0162335    0.0365469   0.00461944
    0.0215555    0.0395255   0.00618080
    0.0324322    0.0462812    0.0127210
    0.0245061    0.0417705   0.00758119
    0.0189528    0.0369816   0.00507143
  0.000571537    0.0119213  0.000571537
    0.0412852    0.0412852    0.0412852
    0.0192115    0.0375911   0.00521447
    0.0126263    0.0334471   0.00308282
    0.0263324    0.0427454   0.00857551
    0.0110890    0.0323168   0.00306182
      0.00000      0.00000      0.00000
    0.0229562    0.0454512    0.0127210
   0.00586195    0.0165114   0.00207805
    0.0267610    0.0419185   0.00816297
   0.00954747    0.0251946   0.00213002
   0.00481323   0.00855906   0.00153770
    0.0412852    0.0412852    0.0412852
   0.00954747    0.0251946   0.00213002
      0.00000      0.00000      0.00000
      0.00000      0.00000      0.00000
   0.00550659    0.0124289   0.00209496
   0.00640697    0.0165114   0.00209496
      0.00000      0.00000      0.00000
   0.00507143    0.0160730   0.00189009
    0.0248121    0.0403412   0.00936483
   0.00509305    0.0164942   0.00164204
   0.00213002   0.00593112   0.00166199
    0.0242873    0.0357500    0.0155732
   0.00507143    0.0136552   0.00164204
    0.0125413    0.0228277   0.00277017
   0.00640697    0.0213315   0.00166199
   0.00691022    0.0222156   0.00200217
    0.0108526    0.0108526    0.0108526
      0.00000      0.00000      0.00000
   0.00213002   0.00363512  0.000571537
   0.00736475   0.00736475   0.00736475
    0.0219284    0.0407422   0.00574701
    0.0104394    0.0174349   0.00191333
   0.00904772    0.0266788   0.00191728
    0.0165966    0.0360900   0.00461944
    0.0434830    0.0493539    0.0362142
   0.00560158    0.0174349   0.00176226
   0.00498500    0.0160730   0.00164204
    0.0118417    0.0323168   0.00238458
    0.0368558    0.0465236    0.0224895
    0.0212487    0.0395478   0.00573344
    0.0106777    0.0311248   0.00238458
    0.0203062    0.0391476   0.00530762
    0.0158674    0.0348936   0.00498500
   0.00845147    0.0237857   0.00191310
   0.00634954    0.0218232   0.00189009
   0.00889719    0.0275199   0.00191728
    0.0156579    0.0352599   0.00365084
    0.0197107    0.0378673   0.00635944
    0.0110305    0.0286893   0.00209496
   0.00640697    0.0194223   0.00191310
    0.0240675    0.0331416    0.0160730
    0.0233602    0.0406826   0.00644491
    0.0195603    0.0382872   0.00544561
    0.0132459    0.0132459    0.0132459
   0.00153770   0.00164204   0.00153770
   0.00990527    0.0288481   0.00224119
