Mean Zmetal + Err (1sig) -Err (1sig)
    0.0246258    0.0401503   0.00790559
    0.0229887    0.0403868   0.00730542
    0.0260187    0.0424152   0.00919803
    0.0229887    0.0410917   0.00754653
    0.0240727    0.0408306   0.00747055
    0.0292307    0.0434556    0.0117425
    0.0188241    0.0365491   0.00487431
    0.0171750    0.0355989   0.00484923
    0.0244896    0.0403402   0.00763813
    0.0213763    0.0397474   0.00707364
    0.0239990    0.0413928   0.00760759
    0.0239990    0.0410917   0.00781672
    0.0294477    0.0437281    0.0155526
    0.0234990    0.0413208   0.00945162
    0.0240496    0.0417847   0.00799272
    0.0181483    0.0352983   0.00504873
    0.0316903    0.0452371    0.0158329
    0.0131866    0.0325107   0.00351993
    0.0202334    0.0398549   0.00646802
    0.0253091    0.0428298   0.00945162
    0.0218239    0.0397474   0.00647662
   0.00593541    0.0231680   0.00261294
   0.00630735    0.0239577   0.00237916
   0.00437118    0.0147992   0.00163755
    0.0257761    0.0416839    0.0103756
    0.0168511    0.0344620   0.00457113
    0.0196461    0.0386591   0.00437118
    0.0108659    0.0323786   0.00346855
    0.0110285    0.0303428   0.00325886
   0.00512051    0.0209680   0.00184442
   0.00931678    0.0292553   0.00276986
    0.0146310    0.0320279   0.00428377
    0.0178895    0.0374228   0.00510306
    0.0238429    0.0415020   0.00725559
    0.0183042    0.0362663   0.00510306
    0.0172011    0.0367643   0.00447881
    0.0146315    0.0330950   0.00353288
    0.0174752    0.0365026   0.00504873
    0.0209340    0.0390494   0.00642523
    0.0281984    0.0422066   0.00953105
    0.0237586    0.0404426   0.00800637
    0.0185622    0.0355989   0.00510901
   0.00706368    0.0221021   0.00142056
    0.0314880    0.0314880    0.0314880
    0.0188241    0.0376827   0.00509004
    0.0145680    0.0336781   0.00337941
    0.0240695    0.0411421   0.00906332
   0.00942432    0.0319338   0.00269616
      0.00000      0.00000      0.00000
    0.0388223    0.0388223    0.0157043
   0.00512051    0.0122543   0.00353288
    0.0243089    0.0416156   0.00917270
   0.00910349    0.0289535   0.00244013
   0.00494199   0.00494199   0.00128517
    0.0314880    0.0314880    0.0314880
   0.00931678    0.0302645   0.00347865
      0.00000      0.00000      0.00000
   0.00487998   0.00487998   0.00487998
   0.00413025   0.00593541   0.00163755
   0.00457113    0.0181530   0.00163755
      0.00000      0.00000      0.00000
   0.00457113    0.0171557   0.00163755
    0.0249106    0.0408737   0.00985281
   0.00457113    0.0147992   0.00163755
   0.00420483    0.0176826   0.00174042
   0.00659512    0.0242716   0.00388923
   0.00403064   0.00593541   0.00163755
    0.0113468    0.0274163   0.00517117
   0.00590419    0.0222971   0.00200476
   0.00716545    0.0239008   0.00231344
    0.0313190    0.0313190    0.0313190
      0.00000      0.00000      0.00000
   0.00174042   0.00516745   0.00128304
    0.0182980    0.0413878    0.0176705
    0.0246715    0.0428298   0.00593541
   0.00716545    0.0168511   0.00163755
   0.00925397    0.0272515   0.00222714
    0.0174533    0.0355905   0.00472922
    0.0463211    0.0484990    0.0381971
   0.00559752    0.0204668   0.00183173
   0.00427399    0.0110877   0.00163755
    0.0117658    0.0319338   0.00276986
    0.0376227    0.0463830    0.0233836
    0.0198352    0.0378720   0.00578339
    0.0122543    0.0315940   0.00346844
    0.0200051    0.0390819   0.00578339
    0.0156235    0.0327034   0.00468145
   0.00706368    0.0248092   0.00210756
   0.00512051    0.0231680   0.00231344
   0.00992893    0.0289111   0.00337941
    0.0164227    0.0360655   0.00434728
    0.0196461    0.0375565   0.00596009
   0.00960899    0.0298812   0.00390698
   0.00590419    0.0221021   0.00176826
    0.0248092    0.0342971    0.0103865
    0.0224971    0.0413096   0.00683837
    0.0193637    0.0385700   0.00561072
   0.00468145   0.00468145   0.00468145
   0.00163755   0.00163755   0.00128517
   0.00992893    0.0291967   0.00279622
