     0.336154     0.527781     0.125156
     0.375287     0.517365     0.197250
     0.285599     0.463873     0.112094
     0.263292     0.464842     0.102760
     0.291787     0.510624     0.115576
     0.324437     0.548940     0.120945
     0.323991     0.510968     0.128652
     0.287845     0.472308     0.106228
     0.241024     0.477616    0.0824132
     0.291135     0.529581     0.102786
     0.318765     0.581521     0.132850
     0.299262     0.568337    0.0856428
     0.342434     0.586984     0.130463
     0.373118     0.605300     0.125287
     0.261221     0.576098    0.0887330
     0.407008     0.670045     0.138450
     0.289770     0.600921     0.104281
     0.315036     0.557653     0.129735
     0.315036     0.621286     0.103279
     0.404314     0.735621     0.128652
     0.381893     0.678147     0.141042
     0.403246     0.747090     0.123053
     0.336298     0.640712     0.121629
     0.364737     0.680562     0.128897
     0.364737     0.737085     0.140888
     0.345991     0.649879     0.128897
     0.483550     0.821405     0.168994
     0.510353     0.846599     0.181341
     0.447670     0.761809     0.157801
     0.524389     0.865419     0.182443
     0.414856     0.747189     0.147483
     0.310451     0.562544     0.116496
     0.351191     0.597442     0.132457
     0.253411     0.377784    0.0986218
     0.262832     0.441592     0.106812
     0.163585     0.364737    0.0751137
     0.287223     0.500772     0.107176
     0.313946     0.558570     0.120343
    0.0659300    0.0659300    0.0659300
     0.336154     0.515718     0.251913
     0.241071     0.456608    0.0749781
     0.247012     0.500140     0.107460
     0.610536     0.610536    0.0659300
     0.289770     0.541256     0.121629
    0.0788204     0.610536    0.0659300
    0.0788204     0.610536    0.0659300
     0.289770     0.600921    0.0749781
     0.241071     0.485884    0.0749781
      0.00000      0.00000      0.00000
     0.289770     0.500758     0.155803
     0.417582     0.666469     0.150083
     0.289770     0.608236    0.0749781
     0.208874     0.583408    0.0584784
    0.0788204     0.558570    0.0194545
     0.289770     0.600921     0.127311
     0.241071     0.600921    0.0749781
     0.330998     0.644243     0.120343
     0.281947     0.505479     0.127311
    0.0659300     0.610536    0.0659300
     0.304328     0.627348     0.100760
     0.289770     0.608236    0.0788204
    0.0749781     0.610536    0.0659300
     0.211837     0.456608     0.127311
     0.427961     0.773371     0.157801
     0.350588     0.624328     0.133410
     0.333851     0.640622    0.0733226
     0.360041     0.680164     0.153144
     0.315036     0.610536     0.127311
     0.291787     0.608236    0.0866619
     0.285604     0.544533    0.0760034
     0.247012     0.493169    0.0866619
     0.342333     0.634334     0.121629
     0.315036     0.631510     0.107460
     0.293309     0.608236    0.0788204
     0.342333     0.641080     0.120343
     0.312223     0.612905     0.107394
     0.342333     0.649370     0.114124
     0.255764     0.581681     0.101969
     0.255764     0.558570     0.107460
    0.0635381     0.129735    0.0443221
     0.419196     0.722541     0.148711
     0.610536     0.610536     0.610536
     0.610536     0.610536     0.315036
     0.331910     0.631510     0.106233
     0.330026     0.572955     0.118651
     0.285599     0.498335     0.101468
     0.252547     0.445057    0.0986938
    0.0659300    0.0788204    0.0659300
     0.258011     0.420654    0.0945125
     0.170978     0.446846    0.0577250
     0.360041     0.649370     0.145334
     0.383015     0.627822     0.121674
     0.240483     0.395496    0.0845492
     0.210284     0.346528    0.0824132
     0.249878     0.382965    0.0888622
     0.274840     0.459851    0.0956514
     0.313143     0.606555     0.105575
     0.335719     0.608236     0.120343
     0.288940     0.466893     0.106228
     0.276629     0.501092    0.0957529
     0.304218     0.504171     0.101414
     0.298202     0.500772     0.107399
     0.331910     0.580431     0.130510
     0.289770     0.476885     0.140888
     0.174784     0.476885    0.0635381
     0.263292     0.507328    0.0833638
     0.303153     0.510353     0.110644
     0.129735     0.312796    0.0452671
     0.356486     0.640504     0.118917
     0.305880     0.531737     0.118917
