     0.608008      1.14681     0.266522
      1.09712      1.58552     0.744222
     0.576348     0.998221     0.341201
     0.301419     0.521040     0.183747
     0.342905     0.643982     0.192711
     0.590912      1.11969     0.284694
     0.800563      1.27493     0.519772
     0.585627      1.14725     0.283814
     0.381403     0.569130     0.258700
     0.434921     0.757924     0.247084
     0.445417     0.946137     0.207193
     0.616407     0.962689     0.406324
     0.336006     0.720900     0.160128
     0.558759      1.08513     0.266522
     0.212325     0.364440     0.103488
     0.534046      1.05365     0.238558
     0.104093     0.176343    0.0511666
     0.137123     0.303245    0.0713975
    0.0958432     0.214335    0.0486178
     0.531431     0.905837     0.308418
     0.474516     0.857189     0.248810
     0.570593     0.933174     0.359882
     0.177722     0.475093    0.0740126
     0.269902     0.653995     0.109922
     0.120771     0.284829    0.0536701
     0.182993     0.523574    0.0776164
     0.351775     0.790544     0.154995
     0.448566     0.954746     0.190700
     0.462358     0.950242     0.202386
     0.423438     0.886756     0.182666
     0.294660     0.721562     0.115558
     0.411666     0.822295     0.215544
     0.547408     0.982404     0.248573
     0.702901      1.26400     0.388224
     0.408123     0.748190     0.217061
     0.123201     0.254317    0.0737036
     0.388156     0.868830     0.160593
     0.233819     0.509838    0.0916482
    0.0916482    0.0916482    0.0916482
     0.658264      1.11817     0.573390
    0.0916482     0.127620    0.0437761
    0.0958432     0.176343    0.0524098
    0.0279302    0.0916482    0.0279302
    0.0901657     0.160109    0.0489047
    0.0279302    0.0916482    0.0135052
    0.0279302    0.0916482    0.0135052
    0.0831753     0.121452    0.0279302
    0.0872994     0.133106    0.0484312
      0.00000      0.00000      0.00000
     0.105090     0.159214    0.0552983
     0.641875      1.17438     0.365601
    0.0916482     0.159214    0.0279302
    0.0794609     0.138059    0.0484312
    0.0772584     0.127620    0.0279302
    0.0901657     0.137123    0.0486178
    0.0872994     0.121452    0.0279302
     0.121452     0.339399    0.0565570
    0.0958432     0.160593    0.0511666
    0.0916482    0.0916482    0.0279302
     0.225038     0.337741     0.159983
    0.0776164     0.121217    0.0279302
    0.0916482    0.0916482    0.0279302
    0.0958432     0.159214    0.0437761
     0.204082     0.605549    0.0831753
     0.415064     0.931021     0.198240
     0.120928     0.276294    0.0686675
     0.115911     0.214335    0.0536701
     0.105090     0.178427    0.0536701
     0.116578     0.263386    0.0536701
     0.701922     0.969524     0.522503
     0.133577     0.275240    0.0700612
     0.216240     0.433504    0.0989974
     0.129074     0.318814    0.0565570
     0.107399     0.212044    0.0491000
     0.159214     0.311758    0.0749579
     0.281709     0.697477     0.104093
     0.217061     0.365464     0.108983
     0.110784     0.192627    0.0536701
    0.0958432     0.173315    0.0486178
    0.0783755     0.107399    0.0484312
     0.508336     0.982404     0.216032
    0.0279302    0.0279302    0.0279302
    0.0279302    0.0776164    0.0279302
     0.135015     0.294660    0.0568256
     0.547066     0.990310     0.261414
     0.479338     0.785814     0.266522
     0.303264     0.513083     0.163672
    0.0916482    0.0916482    0.0135052
     0.570101      1.02469     0.253508
     0.129074     0.235548    0.0686675
     0.306108     0.555926     0.156308
     0.655474      1.14656     0.337350
     0.582866      1.11467     0.250266
     0.558513      1.09642     0.235688
     0.581981      1.10896     0.240008
     0.664765      1.14681     0.391019
     0.303245     0.581981     0.146621
     0.195534     0.496775    0.0836625
     0.605957      1.16052     0.263386
     0.430185     0.676500     0.234908
     0.547066      1.05475     0.224593
     0.485819     0.954936     0.198970
     0.392834     0.700219     0.218596
    0.0776164     0.121452    0.0279302
     0.101892     0.178489    0.0524098
     0.387177     0.570748     0.233848
     0.523212     0.963714     0.227532
     0.101892     0.186975    0.0686675
     0.324211     0.805296     0.125479
     0.448822     0.892457     0.207299
