      9.00460      9.39996      8.62198
      9.31998      9.71457      9.11084
      9.68049      9.94101      9.40145
      9.52359      9.74022      9.24844
      9.40292      9.60031      9.12718
      9.17117      9.54041      8.79657
      8.83686      9.17995      8.59834
      8.96279      9.36528      8.60895
      9.73272      9.95191      9.43866
      9.47018      9.72665      9.15739
      9.04645      9.33270      8.71232
      9.62542      9.89706      9.26061
      9.20620      9.43754      8.88881
      8.87481      9.24236      8.46943
      9.11287      9.37337      8.84293
      8.62227      9.03564      8.23076
      8.68189      8.90206      8.42154
      9.08506      9.35583      8.80384
      8.77321      9.08331      8.48162
      9.21894      9.48683      8.85124
      9.19127      9.47139      8.86244
      9.25294      9.49206      8.88895
      8.86283      9.19139      8.50536
      8.94536      9.24451      8.53977
      8.78027      9.12075      8.46115
      8.79595      9.12694      8.42460
      8.97549      9.29678      8.58068
      8.90637      9.26479      8.52059
      8.93515      9.29342      8.57861
      8.90320      9.24243      8.50559
      8.77257      9.11601      8.37510
      9.28592      9.50454      8.97880
      9.22302      9.54649      8.85482
      9.03053      9.43756      8.73536
      9.56174      9.78536      9.25162
      9.22373      9.40317      9.13010
      8.90178      9.22012      8.54441
      8.80958      9.09195      8.47386
      8.16285      8.18315      8.14281
      11.2363      11.2745      11.1829
      8.46971      8.59934      8.03546
      8.48646      8.73366      8.25782
      8.85411      8.86336      8.64157
      8.78056      9.04182      8.52902
      7.87985      8.10558      7.83956
      8.27082      8.49041      8.23005
      8.42992      8.69691      8.16663
      8.58577      8.73785      8.22912
      0.00000      0.00000      0.00000
      8.80524      8.97278      8.59422
      9.09600      9.40219      8.74199
      8.36855      8.63923      7.99797
      8.59279      8.89724      8.26008
      8.20495      8.56406      7.91287
      8.78760      8.91089      8.52135
      8.57964      8.86365      8.33100
      8.46975      8.80153      8.15693
      8.87445      9.07221      8.64087
      8.43955      8.65484      8.43209
      9.03420      9.31675      8.73906
      8.54385      8.71234      8.32623
      8.07783      8.29549      8.04442
      9.19190      9.32492      8.99343
      8.35509      8.66401      7.95245
      8.77794      9.07131      8.43080
      9.11817      9.24050      8.85660
      8.82668      9.09674      8.55782
      8.67384      8.91971      8.40020
      8.43145      8.75060      8.12147
      9.41610      9.62787      9.07893
      8.69797      8.96752      8.40958
      9.10672      9.37169      8.78774
      8.86595      9.18744      8.56193
      8.92625      9.19419      8.64985
      9.02222      9.32525      8.72506
      8.84503      9.17346      8.44687
      9.12661      9.38512      8.83063
      9.05256      9.25751      8.83022
      9.04416      9.25855      8.83022
      8.81703      9.04307      8.76165
      8.86277      9.22703      8.50904
      8.66892      8.67085      8.66686
      8.65056      8.94040      8.64764
      8.88654      9.19982      8.57662
      9.06734      9.40203      8.69585
      9.20219      9.42094      8.86317
      9.16310      9.36663      8.88838
      8.88644      8.90654      8.86306
      9.12162      9.47540      8.75881
      9.00256      9.20499      8.74837
      9.03854      9.25732      8.71193
      9.01368      9.40245      8.66510
      9.03656      9.43679      8.65865
      8.92270      9.31945      8.51589
      9.03924      9.43827      8.62279
      8.70327      9.02771      8.44367
      9.06149      9.30698      8.71882
      8.91074      9.22414      8.58369
      8.68786      9.09720      8.31752
      9.18219      9.41372      8.85602
      8.90333      9.26949      8.50260
      8.79540      9.14065      8.42091
      9.17730      9.36581      8.88981
      9.02635      9.10311      8.75673
      8.93517      9.12650      8.67565
      9.14512      9.34509      8.81939
      9.03562      9.36966      8.65060
      8.98495      9.12540      8.80268
      8.55240      8.90397      8.13791
      9.11036      9.39380      8.75143
