Mean Mass + Err (1sig) -Err (1sig)
      9.18225      9.58319      8.78696
      8.98794      9.37593      8.56689
      8.99152      9.40185      8.65618
      9.70977      9.95263      9.43552
      9.13072      9.53515      8.74080
      9.79974      10.1593      9.38495
      9.47119      9.72078      9.18818
      9.28270      9.53442      8.98744
      8.85180      9.25539      8.46090
      9.10590      9.48138      8.73450
      8.82001      9.16045      8.54783
      8.99985      9.39338      8.68078
      9.73403      9.94835      9.45050
      9.49673      9.74606      9.19665
      9.02420      9.45392      8.63368
      8.94793      9.21038      8.59077
      9.62765      9.89285      9.25799
      9.13457      9.40185      8.75449
      8.84250      9.20650      8.47282
      9.16236      9.41305      8.88039
      8.63545      9.01271      8.21868
      8.67530      8.90725      8.40899
      9.04073      9.28904      8.78447
      8.75810      9.03974      8.45274
      9.21162      9.47385      8.82028
      9.04841      9.34891      8.69418
      8.73760      9.09075      8.43267
      8.79091      9.14936      8.49693
      8.83542      9.15881      8.50011
      8.76708      9.10186      8.43111
      8.73727      9.07973      8.40628
      8.90727      9.22940      8.52878
      8.86271      9.19994      8.47319
      8.98696      9.36714      8.62748
      8.93629      9.26507      8.56232
      8.85682      9.18727      8.44337
      8.76814      9.09532      8.36723
      9.21283      9.46150      8.87736
      9.13715      9.47097      8.78370
      9.93040      10.2784      9.66901
      9.21046      9.60621      8.81169
      9.52509      9.76029      9.24377
      9.13543      9.26971      9.09460
      9.53454      9.57498      9.49183
      8.88329      9.17967      8.52119
      8.79668      9.08455      8.47490
      8.79371      9.21503      8.38709
      8.88046      9.16404      8.59178
      0.00000      0.00000      0.00000
      11.2242      11.2290      11.1730
      8.43666      8.59216      8.02833
      9.03485      9.48296      8.67069
      8.53225      8.84129      8.26724
      9.17742      9.19073      9.14342
      9.18339      9.22544      9.13882
      8.83409      9.10215      8.55573
      0.00000      0.00000      0.00000
      8.50745      8.51801      8.49755
      8.53068      8.66636      8.18862
      8.61948      8.81452      8.17484
      0.00000      0.00000      0.00000
      8.81248      8.97232      8.58267
      9.03103      9.35972      8.72543
      8.42388      8.69039      8.01277
      8.99438      9.12117      8.85296
      9.41815      9.58629      9.39085
      8.67534      8.89483      8.37828
      8.80014      9.02942      8.67429
      8.45631      8.79319      8.15035
      8.93773      9.20917      8.70506
      9.47331      9.47831      9.46853
      0.00000      0.00000      0.00000
      8.86265      9.05471      8.74884
      9.64291      9.70965      9.58158
      8.55414      8.91007      8.15948
      9.09460      9.12481      8.99052
      8.34590      8.66463      7.95998
      8.70372      9.00550      8.32229
      9.09199      9.24041      8.85585
      8.83085      9.13608      8.55293
      8.64727      8.89370      8.37602
      8.56091      8.84534      8.25566
      9.31246      9.58792      8.95643
      8.88176      9.24336      8.57258
      8.82676      9.10398      8.52801
      8.64700      9.01378      8.25929
      9.22118      9.40977      8.91910
      8.86374      9.17043      8.57675
      8.93209      9.19941      8.65902
      8.98132      9.28097      8.69884
      8.86838      9.19187      8.47454
      9.19052      9.40497      8.92024
      9.03844      9.25156      8.80982
      9.03472      9.25053      8.81476
      8.96875      9.03995      8.77851
      8.92403      9.32714      8.53546
      8.84574      9.21238      8.42910
      9.26259      9.26445      9.26053
      8.94586      8.94914      8.93455
      8.88303      9.19145      8.58254
