Mean Mass + Err (1sig) -Err (1sig)
      9.18975      9.58372      8.82901
      8.96831      9.34860      8.58215
      9.00825      9.38385      8.68083
      9.71023      9.95032      9.43028
      9.15166      9.51126      8.76212
      9.80860      10.1390      9.43975
      9.52234      9.74520      9.22542
      9.31240      9.56719      8.97061
      8.87310      9.26749      8.47042
      9.08813      9.47819      8.72552
      8.78860      9.13944      8.50556
      8.98668      9.37215      8.65613
      9.70995      9.93973      9.46153
      9.50552      9.74406      9.22442
      9.03736      9.44958      8.64579
      8.92909      9.21993      8.56816
      9.62362      9.88377      9.28507
      9.13046      9.38714      8.75440
      8.82059      9.17098      8.42313
      9.15614      9.40765      8.82190
      8.61476      9.03124      8.22326
      8.63975      8.97155      8.34118
      9.03106      9.32760      8.70570
      8.72002      9.08848      8.36852
      9.19092      9.45302      8.84376
      9.06543      9.34747      8.68812
      8.44776      8.96328      8.12953
      8.81530      9.14218      8.41653
      8.85233      9.16519      8.42730
      8.74672      9.08883      8.37805
      8.76176      9.07160      8.33115
      8.91143      9.25286      8.49832
      8.87705      9.22860      8.43743
      9.00417      9.38482      8.49100
      8.94603      9.27444      8.56236
      8.86467      9.22605      8.43388
      8.74694      9.10110      8.32725
      9.19734      9.45280      8.85670
      9.15601      9.49540      8.77148
      9.96099      10.2259      9.68993
      9.20725      9.60925      8.84484
      9.50923      9.76328      9.20088
      9.66715      9.67453      9.23301
      10.7456      10.7793      10.7107
      8.86568      9.17599      8.45459
      8.80640      9.08073      8.42966
      8.79429      9.24522      8.37734
      8.87966      9.16006      8.56291
      0.00000      0.00000      0.00000
      11.2006      11.2941      11.1324
      8.44648      8.69748      8.06326
      9.03605      9.47000      8.63763
      8.54688      8.82861      8.19435
      8.91989      9.04248      8.76582
      10.2711      10.3090      10.2305
      8.86076      9.09936      8.52086
      0.00000      0.00000      0.00000
      0.00000      0.00000      0.00000
      8.46571      8.73990      8.12371
      8.59539      8.81914      8.20175
      0.00000      0.00000      0.00000
      8.76474      9.05834      8.50979
      9.03731      9.35879      8.68211
      8.39322      8.77496      8.10639
      8.93074      9.05292      8.91419
      9.39958      9.52561      9.12617
      8.66846      8.98087      8.36498
      8.95153      9.07562      8.71798
      8.51399      8.81225      8.08595
      8.98499      9.19348      8.69406
      9.70136      9.70578      9.69681
      0.00000      0.00000      0.00000
      8.86398      8.99859      8.77362
      9.70710      9.71638      9.69750
      8.43860      8.93452      8.00083
      9.07637      9.21952      8.95477
      8.33847      8.65874      7.90540
      8.66069      8.98370      8.28947
      8.85916      9.07023      8.34566
      8.85940      9.15074      8.51045
      8.60492      8.94410      8.24333
      8.53250      8.80531      8.23847
      9.30573      9.56502      8.98521
      8.91294      9.26666      8.57007
      8.87719      9.12744      8.53391
      8.64973      9.03269      8.28896
      9.19026      9.40952      8.92828
      8.87370      9.18226      8.50550
      8.90734      9.23207      8.59891
      9.00835      9.29146      8.63828
      8.85829      9.19961      8.43925
      9.18639      9.41202      8.88625
      9.08584      9.35844      8.76103
      9.01026      9.28910      8.66856
      8.89522      8.99917      8.76575
      8.94287      9.33801      8.55086
      8.85169      9.23611      8.46017
      9.20690      9.20887      9.20511
      8.83199      8.83451      8.71605
      8.86967      9.20002      8.47437
