Mean Age + Err (1sig) -Err (1sig)
     0.298818     0.479391     0.105325
     0.298818     0.510848     0.101414
     0.309340     0.486960     0.108791
     0.296252     0.483550     0.117569
     0.291787     0.491498     0.101414
     0.363113     0.532154     0.124186
     0.265315     0.481968     0.102978
     0.274345     0.498524     0.105325
     0.303153     0.506948     0.106228
     0.289654     0.499400     0.103829
     0.330998     0.514483     0.132521
     0.304328     0.483266     0.106609
     0.239678     0.469867    0.0833984
     0.291234     0.524389     0.107176
     0.341203     0.548575     0.118006
     0.306572     0.558570     0.110525
     0.292798     0.533422    0.0841920
     0.306572     0.570842     0.106233
     0.336283     0.571624     0.123933
     0.267221     0.583408    0.0866619
     0.382965     0.641080     0.132488
     0.262941     0.571624    0.0988418
     0.289770     0.546262     0.120343
     0.295672     0.610536    0.0788204
     0.383015     0.695195     0.118651
     0.315036     0.593996     0.106233
     0.139077     0.504171    0.0413393
     0.315036     0.619632     0.103279
     0.329300     0.625533     0.115369
     0.364184     0.710916     0.120343
     0.330026     0.631510     0.106233
     0.411219     0.744435     0.145334
     0.443811     0.781535     0.168994
     0.263862     0.534523    0.0714845
     0.416523     0.687573     0.141546
     0.428812     0.777094     0.146509
     0.384675     0.690136     0.129735
     0.289189     0.550710     0.107460
     0.303558     0.553624     0.107460
     0.364844     0.434325     0.279778
     0.255764     0.420883    0.0833984
     0.257148     0.426761     0.103468
     0.104281     0.275727    0.0751137
   0.00807782   0.00807782   0.00807782
     0.284433     0.499045     0.107297
     0.330998     0.558495     0.127705
     0.275886     0.438989    0.0874993
     0.247012     0.425394     0.101326
      0.00000      0.00000      0.00000
     0.336154     0.554954     0.336154
     0.211837     0.456608    0.0659300
     0.343007     0.555626     0.121407
     0.297137     0.539242     0.127311
     0.289770     0.315036     0.289770
   0.00807782   0.00807782   0.00807782
     0.336298     0.557653     0.132560
      0.00000      0.00000      0.00000
     0.610536     0.610536     0.610536
     0.241071     0.476885    0.0788204
     0.255764     0.485884    0.0645551
      0.00000      0.00000      0.00000
     0.289770     0.500758     0.153116
     0.383765     0.637996     0.126446
     0.291787     0.610536    0.0788204
     0.270819     0.403454    0.0419175
     0.518987     0.527549     0.426550
     0.255764     0.600921    0.0749781
     0.382965     0.596465     0.166731
     0.315036     0.635739     0.115369
     0.344563     0.557653     0.150610
     0.763975     0.763975     0.763975
      0.00000      0.00000      0.00000
     0.297137     0.407008     0.254896
     0.335706     0.434325     0.177931
     0.182443     0.523693    0.0413393
     0.155803     0.211837    0.0751137
     0.419603     0.759389     0.140888
     0.329300     0.596558     0.109295
     0.316090     0.612176     0.101288
     0.360041     0.680164     0.140332
     0.291787     0.608236     0.101326
     0.346528     0.619632     0.140888
     0.233168     0.524714    0.0477317
     0.357990     0.571338     0.139917
     0.284433     0.508757     0.115369
     0.324283     0.541256     0.114925
     0.375179     0.661550     0.145334
     0.333851     0.649054     0.120343
     0.289770     0.610536    0.0788204
     0.314338     0.621286     0.116097
     0.344563     0.619486     0.115369
     0.336298     0.641080     0.118685
     0.247012     0.570842    0.0988418
     0.247012     0.558495    0.0788204
    0.0788204     0.427961    0.0460874
     0.434656     0.711618     0.151935
     0.384783     0.685382     0.128874
     0.378133     0.378133     0.378133
     0.456608     0.456608     0.315036
     0.336298     0.631510     0.107460
