Mean Age + Err (1sig) -Err (1sig)
     0.296709     0.475208     0.105436
     0.290627     0.505554    0.0938650
     0.307166     0.487046     0.123430
     0.288232     0.481392     0.109786
     0.282394     0.479320     0.101436
     0.348383     0.523172     0.148005
     0.258173     0.485602     0.102895
     0.280478     0.512027    0.0934035
     0.288232     0.500231     0.100812
     0.272028     0.505554    0.0909706
     0.306342     0.506354     0.124042
     0.281823     0.478334     0.104777
     0.225112     0.479320    0.0849989
     0.299096     0.527870     0.110907
     0.303727     0.529186     0.107886
     0.285588     0.529803     0.101143
     0.285936     0.529186    0.0878865
     0.294677     0.555388     0.103574
     0.319462     0.548180     0.105223
     0.239454     0.550096    0.0657087
     0.362115     0.644728     0.110907
     0.236725     0.549327    0.0766292
     0.242502     0.528522    0.0856042
     0.240332     0.597162    0.0795808
     0.359342     0.679883     0.115315
     0.300022     0.568223    0.0956728
    0.0497238     0.270984   0.00165045
     0.275425     0.576232    0.0750902
     0.286801     0.590434    0.0851413
     0.292258     0.733504     0.100184
     0.281300     0.621826    0.0856042
     0.399322     0.744006     0.121980
     0.437213     0.784221     0.141975
     0.243206     0.510093    0.0604526
     0.397738     0.700711     0.136626
     0.426514     0.771296     0.137224
     0.348641     0.660928     0.113247
     0.286118     0.548244     0.100184
     0.303727     0.548244     0.101694
     0.363860     0.443689     0.270133
     0.244927     0.413896    0.0878865
     0.244927     0.436565    0.0977951
     0.123430     0.123430     0.123430
     0.589903     0.589903     0.589903
     0.273716     0.502733    0.0985610
     0.295601     0.536993     0.106592
     0.253830     0.430113    0.0861771
     0.208494     0.396795    0.0842696
      0.00000      0.00000      0.00000
     0.351951     0.536969     0.229381
     0.235330     0.436931    0.0795808
     0.318925     0.530190     0.111624
     0.270984     0.531999    0.0933980
     0.182563     0.281300     0.121364
     0.589903     0.589903     0.589903
     0.286801     0.568715     0.109655
      0.00000      0.00000      0.00000
      0.00000      0.00000      0.00000
     0.193490     0.446872    0.0726545
     0.208494     0.412187    0.0795808
      0.00000      0.00000      0.00000
     0.250402     0.512961     0.100184
     0.357004     0.617468     0.130965
     0.244927     0.597162     0.101555
     0.153870     0.396795     0.123430
     0.397738     0.623386     0.193253
     0.193490     0.464012    0.0766292
     0.331015     0.580274     0.153870
     0.292258     0.664048    0.0933980
     0.286801     0.562657     0.119105
     0.714710     0.714710     0.714710
      0.00000      0.00000      0.00000
     0.153870     0.446590     0.123430
     0.270133     0.270133     0.270133
     0.121980     0.446478    0.0110731
     0.161230     0.265521    0.0842696
     0.362115     0.736030     0.111439
     0.300392     0.568715    0.0997508
     0.104237     0.275425    0.0171343
     0.302919     0.703530     0.120601
     0.237603     0.613479    0.0766292
     0.311557     0.598783     0.109655
     0.227118     0.512645    0.0533667
     0.351190     0.574729     0.137045
     0.281239     0.515418     0.106592
     0.311252     0.536993     0.118041
     0.327863     0.636278     0.128685
     0.281300     0.636278    0.0977951
     0.250402     0.568223    0.0851413
     0.281239     0.587596     0.100184
     0.323616     0.607093     0.102895
     0.343558     0.656596     0.115513
     0.242502     0.568715    0.0795808
     0.193490     0.485602    0.0726545
    0.0619439     0.128157    0.0442127
     0.396754     0.707819     0.136413
     0.387494     0.703530     0.124112
     0.636278     0.636278     0.636278
     0.281300     0.281300     0.136127
     0.265130     0.608836    0.0726545
