# 1 Id
# 2 RA
# 3 DEC
# 4 z 
# 5 zminx
# 6 zmaxy
# 7 F160W
# 8 dF160W
# 9 F140W 
# 10 dF140W
# 11 F125W
# 12 dF125W
# 13 F105W 
# 14 dF105W
# 15 F814W 
# 16 dF814W
# 17 F606W
# 18 dF606W
# 19 F435W
# 20 dF435W
# 21 I36um 
# 22 dI36um
# 23 I45um
# 24 dI45um
# 25 J
# 26 dJ
# 27 H
# 28 dH
# 29 Ks
# 30 dKs
	1	3.603856	-30.381905	8.64	0.2861	0.5079	27.83	0.08	27.86	0.09	28.49	0.17	29.85	0.43	31.00	90.00	30.80	90.00	30.90	90.00	25.90	90.00	26.20	0.50	99.00	90.00	99.00	90.00	99.00	90.00		
	2	3.572515	-30.413267	8.26	0.2871	0.1929	28.12	0.12	28.11	0.13	28.11	0.13	29.84	0.48	31.00	90.00	30.80	90.00	30.90	90.00	25.90	90.00	25.30	90.00	99.00	90.00	99.00	90.00	99.00	90.00		
	3	3.603858	-30.415842	8.56	0.9531	0.4669	28.33	0.10	28.63	0.15	28.66	0.18	30.50	90.00	31.00	90.00	30.80	90.00	30.90	90.00	25.90	90.00	25.30	90.00	99.00	90.00	99.00	90.00	99.00	90.00		
	4	3.603864	-30.382265	8.51	0.1071	0.0799	26.42	0.04	26.46	0.04	26.82	0.06	28.78	0.27	31.00	90.00	30.80	90.00	30.90	90.00	25.80	0.30	25.40	0.20	99.00	90.00	99.00	90.00	99.00	90.00		
	5	3.579479	-30.386534	8.45	6.6851	0.1789	27.83	0.10	27.66	0.09	28.38	0.18	29.24	0.29	31.00	90.00	30.80	90.00	30.90	90.00	25.90	90.00	25.30	90.00	99.00	90.00	99.00	90.00	99.00	90.00		
	6	3.604005	-30.382309	8.25	0.1921	0.1389	26.95	0.06	27.09	0.07	27.36	0.10	28.83	0.26	31.00	90.00	30.80	90.00	30.90	90.00	25.50	0.20	25.20	0.20	99.00	90.00	99.00	90.00	99.00	90.00		
	7	3.603397	-30.382256	8.24	0.0591	0.0709	26.17	0.03	26.10	0.03	26.38	0.05	27.53	0.09	31.00	90.00	30.80	90.00	30.90	90.00	26.50	0.60	26.20	0.50	99.00	90.00	99.00	90.00	99.00	90.00		
	8	3.596096	-30.385832	8.15	0.1271	0.0479	26.65	0.04	26.49	0.04	26.68	0.04	27.76	0.09	31.00	90.00	30.80	90.00	30.90	90.00	26.50	0.50	25.30	90.00	99.00	90.00	99.00	90.00	99.00	90.00		
	9	3.572902	-30.413658	8.26	0.8811	0.1619	28.49	0.14	28.22	0.12	28.68	0.18	29.62	0.32	31.00	90.00	30.80	90.00	30.90	90.00	25.90	90.00	25.30	90.00	99.00	90.00	99.00	90.00	99.00	90.00		
	10	3.598108	-30.382393	8.25	0.3731	0.1269	27.70	0.09	27.57	0.09	27.89	0.12	28.89	0.23	31.00	90.00	30.80	90.00	30.90	90.00	25.90	90.00	25.30	90.00	99.00	90.00	99.00	90.00	99.00	90.00		
	11	3.600947	-30.399149	8.27	0.6521	0.3639	28.96	0.17	28.97	0.19	28.89	0.18	30.50	90.00	31.00	90.00	30.80	90.00	30.90	90.00	25.90	90.00	25.30	90.00	99.00	90.00	99.00	90.00	99.00	90.00		
	12	3.603582	-30.382442	8.67	0.3311	0.2489	28.52	0.19	28.09	0.14	28.47	0.21	30.50	90.00	31.00	90.00	30.80	90.00	30.90	90.00	25.70	1.30	26.10	1.40	99.00	90.00	99.00	90.00	99.00	90.00		
	13	3.60452	    	-30.380472	7.85	0.0841	0.0829	25.56	0.03	25.73	0.03	25.91	0.04	26.83	0.07	31.00	90.00	30.80	90.00	30.90	90.00	26.60	0.70	25.00	0.20	99.00	90.00	99.00	90.00	99.00	90.00		
	14	3.606477	-30.380993	7.70	0.1491	0.1099	26.45	0.04	26.57	0.05	26.64	0.05	27.50	0.08	31.00	90.00	30.80	90.00	30.90	90.00	26.50	0.60	26.10	0.50	99.00	90.00	99.00	90.00	99.00	90.00		
	15	3.605263	-30.380606	7.83	6.2781	0.3579	27.97	0.12	27.95	0.13	28.29	0.17	29.05	0.26	31.00	90.00	30.80	90.00	30.90	90.00	25.90	90.00	25.30	90.00	99.00	90.00	99.00	90.00	99.00	90.00		
	16	3.588985	-30.378662	7.63	0.2411	0.0749	27.55	0.05	27.77	0.07	27.52	0.06	28.29	0.09	31.00	90.00	30.80	90.00	30.90	90.00	25.90	90.00	25.30	90.00	99.00	90.00	99.00	90.00	99.00	90.00		
	17	3.606575	-30.380928	7.48	0.1401	0.0819	26.38	0.04	26.45	0.04	26.86	0.06	27.39	0.08	31.00	90.00	30.80	90.00	30.90	90.00	26.00	0.40	25.70	0.40	99.00	90.00	99.00	90.00	99.00	90.00		
	18	3.592285	-30.409911	7.32	0.1371	0.1209	26.98	0.06	26.99	0.07	26.92	0.06	27.39	0.07	31.00	90.00	30.80	90.00	30.90	90.00	25.90	90.00	25.30	90.00	99.00	90.00	99.00	90.00	99.00	90.00		
	19	3.579668	-30.398678	7.52	0.5351	0.1769	28.33	0.12	28.11	0.11	28.29	0.14	28.89	0.17	31.00	90.00	30.80	90.00	30.90	90.00	25.90	90.00	25.30	90.00	99.00	90.00	99.00	90.00	99.00	90.00		
	20	3.603208	-30.410368	6.93	0.0321	0.1709	26.48	0.04	26.68	0.06	26.71	0.06	26.83	0.05	31.00	90.00	30.80	90.00	30.90	90.00	26.60	0.40	26.60	0.30	99.00	90.00	99.00	90.00	99.00	90.00		
	21	3.581282	-30.404207	6.86	0.5371	0.3549	28.75	0.16	28.61	0.16	28.78	0.19	28.98	0.17	31.00	90.00	30.80	90.00	30.90	90.00	25.90	90.00	25.30	90.00	99.00	90.00	99.00	90.00	99.00	90.00		
	22	3.585321	-30.397964	6.96	0.0901	0.0719	27.49	0.04	27.45	0.04	27.33	0.04	27.55	0.03	31.00	90.00	30.80	90.00	30.90	90.00	25.90	90.00	25.30	90.00	99.00	90.00	99.00	90.00	99.00	90.00		
	23	3.474802	-30.362578	7.29	0.1261	0.0639	26.72	0.05	99.00	90.00	26.52	0.05	26.98	0.05	28.78	90.00	30.42	90.00	30.26	90.00	25.90	90.00	25.30	90.00	99.00	90.00	99.00	90.00	99.00	90.00		
	24	3.480642	-30.371175	6.36	0.2371	0.0819	27.40	0.08	99.00	90.00	26.95	0.07	26.93	0.06	28.69	0.34	30.42	90.00	30.26	90.00	25.90	90.00	25.30	90.00	99.00	90.00	99.00	90.00	99.00	90.00		
	25	3.487575	-30.36438	6.16	5.245	0.947	26.98	0.06	99.00	90.00	27.06	0.08	27.38	0.08	28.65	0.32	30.42	90.00	30.26	90.00	25.90	90.00	25.30	90.00	99.00	90.00	99.00	90.00	99.00	90.00		
	26	3.488924	-30.39463	7.10	0.4721	0.0899	27.11	0.08	99.00	90.00	27.14	0.08	27.39	0.08	28.78	90.00	30.42	90.00	30.26	90.00	25.90	90.00	25.30	90.00	99.00	90.00	99.00	90.00	99.00	90.00		
	27	3.48255	   	-30.371559	7.85	0.1251	5.2119	26.92	0.04	99.00	90.00	27.15	0.09	27.32	0.06	28.51	0.28	30.42	90.00	30.26	90.00	25.90	90.00	25.30	90.00	99.00	90.00	99.00	90.00	99.00	90.00		
	28	3.48396	    	-30.397152	6.70	0.5541	0.0819	27.27	0.08	99.00	90.00	27.20	0.09	27.20	0.06	28.77	90.00	30.42	90.00	30.26	90.00	25.90	90.00	25.30	90.00	99.00	90.00	99.00	90.00	99.00	90.00		
	29	3.467582	-30.396908	6.83	0.5791	0.1209	27.42	0.09	99.00	90.00	27.23	0.09	27.38	0.08	28.77	90.00	30.42	90.00	30.26	90.00	25.90	90.00	25.30	90.00	99.00	90.00	99.00	90.00	99.00	90.00		
	30	3.467097	-30.387686	6.06	0.1481	0.1859	27.40	0.08	99.00	90.00	27.30	0.10	27.06	0.05	28.34	0.25	30.42	90.00	30.26	90.00	25.90	90.00	25.30	90.00	99.00	90.00	99.00	90.00	99.00	90.00		
	31	3.48952	    	-30.399528	6.62	0.5801	0.1169	27.58	0.10	99.00	90.00	27.32	0.10	27.37	0.08	28.78	90.00	30.42	90.00	30.26	90.00	25.90	90.00	25.30	90.00	99.00	90.00	99.00	90.00	99.00	90.00		
	32	3.466056	-30.394409	5.98	0.2561	0.2469	27.53	0.10	99.00	90.00	27.43	0.11	27.43	0.09	28.53	0.29	30.42	90.00	30.26	90.00	25.90	90.00	25.30	90.00	99.00	90.00	99.00	90.00	99.00	90.00		
	33	3.460587	-30.36632	5.86	0.3791	0.2959	27.79	0.11	99.00	90.00	27.70	0.14	27.75	0.11	28.67	0.32	30.42	90.00	30.26	90.00	25.90	90.00	25.30	90.00	99.00	90.00	99.00	90.00	99.00	90.00		
	34	3.455844	-30.366359	7.81	0.1782	4.4678	27.29	0.08	99.00	90.00	27.70	0.14	27.70	0.11	28.73	0.34	30.42	90.00	30.26	90.00	25.90	90.00	25.30	90.00	99.00	90.00	99.00	90.00	99.00	90.00		
	35	3.488139	-30.367864	6.45	0.7405	0.5235	27.72	0.10	99.00	90.00	27.73	0.15	27.85	0.12	28.76	90.00	30.42	90.00	30.26	90.00	25.90	90.00	25.30	90.00	99.00	90.00	99.00	90.00	99.00	90.00		
	36	3.486988	-30.399579	5.86	0.3571	0.2759	27.77	0.12	99.00	90.00	27.75	0.15	27.68	0.10	28.59	0.31	30.42	90.00	30.26	90.00	25.90	90.00	25.30	90.00	99.00	90.00	99.00	90.00	99.00	90.00		
	37	3.477238	-30.385998	6.39	0.6781	0.2039	27.95	0.13	99.00	90.00	27.98	0.18	27.76	0.11	28.78	90.00	30.42	90.00	30.26	90.00	25.90	90.00	25.30	90.00	99.00	90.00	99.00	90.00	99.00	90.00		
	38	3.474918	-30.362542	7.53	0.2411	0.0939	26.86	0.04	26.93	0.07	26.90	0.07	27.51	0.08	30.47	90.00	30.42	90.00	30.26	90.00	25.90	90.00	25.30	90.00	99.00	90.00	99.00	90.00	99.00	90.00		
	39	3.459245	-30.36736	7.63	0.3591	0.1249	27.31	0.07	27.44	0.11	27.33	0.11	28.06	0.14	30.47	90.00	30.42	90.00	30.26	90.00	25.90	90.00	25.30	90.00	99.00	90.00	99.00	90.00	99.00	90.00		
	40  	64.025406	-24.082251      9.875   1.889   0.379   28.50   0.11    28.99   0.17    30.40   90.00   31.86   1.92    30.70   90.00   30.95   90.00   30.95   90.00   25.31   90.00   25.30	90.00   99.00   90.00   99.00   90.00   27.03   90.00
	41	64.043114	-24.057109	9.46	0.4691	0.1049	27.72	0.07	27.93	0.09	28.63	0.18	30.53	0.79	30.14	0.56	30.95	90.00	30.95	90.00	25.90	90.00	25.30	90.00	99.00	90.00	99.00	90.00	27.21	0.42		
	42	64.048058	-24.081429	9.17	0.2821	0.0639	26.45	0.03	26.62	0.04	27.07	0.06	29.99	0.56	30.70	90.00	30.95	90.00	30.95	90.00	26.59	0.52	25.79	0.23	99.00	90.00	99.00	90.00	26.52	0.22		
	43	64.039169	-24.093187	8.42	0.0691	0.0479	25.92	0.02	25.99	0.03	26.41	0.04	27.90	0.10	28.96	0.34	30.95	90.00	30.95	90.00	25.90	90.00	24.72	0.20	99.00	90.00	99.00	90.00	26.40	0.20		
	44	64.047981	-24.081665	8.29	0.1081	0.0409	26.59	0.03	26.59	0.03	26.73	0.04	28.19	0.10	30.70	90.00	30.95	90.00	30.95	90.00	26.73	0.60	25.93	0.26	99.00	90.00	99.00	90.00	27.54	90.00		
	45	64.037582	-24.088104	8.27	0.1491	0.0949	28.12	0.08	27.80	0.07	27.95	0.08	29.51	0.25	33.03	7.60	30.95	90.00	30.95	90.00	25.90	90.00	25.30	90.00	99.00	90.00	99.00	90.00	27.46	90.00		
	46	64.060333	-24.06496	7.71	0.1541	0.0979	27.85	0.08	27.86	0.09	27.53	0.07	28.48	0.11	31.47	1.57	30.95	90.00	30.95	90.00	25.90	90.00	25.30	90.00	99.00	90.00	99.00	90.00	27.54	90.00		
	47	64.156128	-24.111143	9.36	0.8531	0.3179	28.84	0.14	29.19	0.19	29.63	0.32	31.30	90.00	32.37	4.17	30.65	90.00	30.75	90.00	25.6	90.00	25.30	90.00	99.00	90.00	99.00	90.00	27.78	0.71		
	48	64.149864	-24.113352	9.34	0.4321	0.0869	27.56	0.06	27.61	0.06	28.44	0.15	29.65	0.38	31.81	3.82	30.65	90.00	30.75	90.00	25.3	90.00	25.30	90.00	99.00	90.00	99.00	90.00	27.35	90.00		
	49	64.151779	-24.108454	9.13	0.2171	0.1769	27.84	0.07	27.95	0.08	28.39	0.14	31.30	90.00	31.40	90.00	30.65	90.00	30.75	90.00	25.90	90.00	25.30	90.00	99.00	90.00	99.00	90.00	28.08	90.00		
	50	64.131889	-24.11935	8.28	0.0531	0.0139	24.18	0.01	24.49	0.01	24.99	0.02	26.19	0.04	31.40	90.00	30.65	90.00	30.75	90.00	23.22	0.73	22.66	0.02	99.00	90.00	99.00	90.00	24.03	0.03		
	51	64.126785	-24.100315	8.35	0.2221	0.0879	28.23	0.08	28.10	0.07	28.30	0.09	29.69	0.27	30.21	0.67	30.65	90.00	30.75	90.00	25.3	90.00	25.30	90.00	99.00	90.00	99.00	90.00	28.20	90.00		
	52	64.147903	-24.111727	7.88	6.4947	0.4003	28.12	0.08	28.19	0.09	28.34	0.12	29.56	0.29	31.29	1.93	30.65	90.00	30.75	90.00	25.90	90.00	25.30	90.00	99.00	90.00	99.00	90.00	26.74	0.27		
	53	64.126862	-24.100067	7.90	0.1411	0.2239	28.15	0.07	27.89	0.06	28.10	0.08	29.03	0.15	31.40	90.00	30.65	90.00	30.75	90.00	25.90	90.00	25.30	90.00	99.00	90.00	99.00	90.00	28.03	90.00		
	54	64.136993	-24.111664	7.79	0.1231	0.0849	26.40	0.03	26.54	0.03	26.69	0.04	27.61	0.08	31.40	90.00	30.65	90.00	30.75	90.00	25.3	90.00	25.30	90.00	99.00	90.00	99.00	90.00	26.74	90.00		
	55	64.120026	-24.113226	7.40	0.1951	0.2289	27.82	0.06	27.89	0.07	27.80	0.07	28.60	0.12	29.85	0.47	30.65	90.00	30.75	90.00	26.65	0.30	26.58	0.25	99.00	90.00	99.00	90.00	28.19	90.00		
	56	64.121368	-24.125864	7.54	0.0541	0.1309	27.33	0.04	27.40	0.05	27.22	0.04	27.94	0.07	31.40	90.00	30.65	90.00	30.75	90.00	25.3	90.00	25.30	90.00	99.00	90.00	99.00	90.00	27.30	90.00		
	57	64.137886	-24.127241	7.52	0.3091	0.1849	28.22	0.08	28.07	0.07	28.34	0.11	28.89	0.14	31.40	90.00	30.65	90.00	30.75	90.00	25.90	90.00	25.30	90.00	99.00	90.00	99.00	90.00	28.50	90.00		
	58	64.144447	-24.1003	7.25	0.0891	0.1059	27.37	0.05	27.35	0.05	27.24	0.05	27.68	0.06	29.38	0.39	30.65	90.00	30.75	90.00	25.3	90.00	25.30	90.00	99.00	90.00	99.00	90.00	27.56	90.00		
	59	64.149895	-24.10041	7.24	0.1191	0.0999	27.82	0.06	27.62	0.05	27.66	0.06	28.04	0.06	31.21	1.51	30.65	90.00	30.75	90.00	25.3	90.00	25.30	90.00	99.00	90.00	99.00	90.00	27.82	90.00		
	60	64.130882	-24.09271	7.25	0.1501	0.1249	27.58	0.06	27.50	0.05	27.72	0.07	27.99	0.07	31.40	90.00	30.65	90.00	30.75	90.00	25.3	90.00	25.30	90.00	99.00	90.00	99.00	90.00	27.69	90.00		
	61	64.142899	-24.101274	6.66	0.1251	0.3069	28.14	0.08	28.12	0.08	28.02	0.08	28.30	0.09	31.40	90.00	30.65	90.00	30.75	90.00	26.96	0.44	26.62	0.26	99.00	90.00	99.00	90.00	28.58	90.00		
	62	7.116			6.837	7.05	0.0841	0.0409	27.27	0.04	27.15	0.02	27.07	0.03	27.33	0.02	31.25	90.00	31.15	90.00	31.05	90.00	25.90	90.00	25.30	90.00	99.00	90.00	99.00	90.00	99.00	90.00		
	63	7.018			4.124	6.93	0.1421	0.1649	27.80	0.07	27.92	0.04	28.03	0.06	28.36	0.06	31.25	90.00	31.15	90.00	31.05	90.00	25.90	90.00	25.30	90.00	99.00	90.00	99.00	90.00	99.00	90.00		
	64	6.256			6.009	6.28	0.1001	0.0969	27.89	0.08	28.19	0.06	27.92	0.06	27.78	0.03	29.51	0.21	31.15	90.00	31.05	90.00	25.90	90.00	25.30	90.00	99.00	90.00	99.00	90.00	99.00	90.00		
	65	6.836			5.963	6.85	0.0821	0.0549	27.20	0.04	27.34	0.03	27.31	0.03	27.36	0.02	31.25	90.00	31.15	90.00	31.05	90.00	25.90	90.00	25.30	90.00	99.00	90.00	99.00	90.00	99.00	90.00		
	66	6.38			6.105	6.70	0.0971	0.0619	27.49	0.05	27.52	0.03	27.71	0.05	27.44	0.03	31.25	90.00	31.15	90.00	31.05	90.00	25.90	90.00	25.30	90.00	99.00	90.00	99.00	90.00	99.00	90.00		
	67	6.43			6.259	6.49	0.0551	0.0489	27.09	0.04	27.12	0.02	27.02	0.02	26.95	0.02	29.17	0.16	31.15	90.00	31.05	90.00	25.90	90.00	25.30	90.00	99.00	90.00	99.00	90.00	99.00	90.00		
	68	7.054			6.752	6.89	0.0441	0.0749	27.33	0.05	27.23	0.02	27.09	0.03	27.28	0.02	31.25	90.00	31.15	90.00	31.05	90.00	25.90	90.00	25.30	90.00	99.00	90.00	99.00	90.00	99.00	90.00		
	69	6.212			5.913	6.28	0.0991	0.1289	28.03	0.09	28.11	0.05	27.94	0.06	27.87	0.04	29.58	0.23	31.15	90.00	31.05	90.00	25.90	90.00	25.30	90.00	99.00	90.00	99.00	90.00	99.00	90.00		
	70	7.51			7.193	7.43	0.0871	0.0479	27.11	0.04	27.07	0.02	27.01	0.02	27.55	0.03	31.25	90.00	31.15	90.00	31.05	90.00	25.90	90.00	25.30	90.00	99.00	90.00	99.00	90.00	99.00	90.00		
	71	6.852			6.659	6.77	0.0111	0.0729	27.11	0.04	27.03	0.02	26.86	0.02	26.93	0.02	31.25	90.00	31.15	90.00	31.05	90.00	25.6	90.00	25.30	90.00	99.00	90.00	99.00	90.00	99.00	90.00		
	72	6.226			5.779	6.60	0.0611	0.1739	26.98	0.03	26.98	0.02	27.18	0.03	27.27	0.02	31.25	90.00	31.15	90.00	31.05	90.00	25.6	90.00	25.30	90.00	99.00	90.00	99.00	90.00	99.00	90.00		
	73	7.094			6.94	6.84	0.0561	0.0989	27.66	0.06	27.99	0.05	27.30	0.03	27.74	0.03	31.25	90.00	31.15	90.00	31.05	90.00	25.90	90.00	25.30	90.00	99.00	90.00	99.00	90.00	99.00	90.00		
	74	6.388			5.962	6.45	0.0581	0.0609	28.05	0.09	28.09	0.05	27.84	0.05	27.65	0.03	31.25	90.00	31.15	90.00	31.05	90.00	25.90	90.00	25.30	90.00	99.00	90.00	99.00	90.00	99.00	90.00		
	75	5.47			3.094	7.79	0.1182	0.1298	27.87	0.07	27.84	0.04	28.26	0.08	28.31	0.06	29.27	0.17	31.15	90.00	31.05	90.00	25.90	90.00	25.30	90.00	99.00	90.00	99.00	90.00	99.00	90.00		
	76	7.138			6.779	7.02	0.2151	0.0289	26.03	0.01	26.06	0.01	25.99	0.01	26.24	0.01	29.78	0.27	31.15	90.00	31.05	90.00	25.90	90.00	25.30	90.00	99.00	90.00	99.00	90.00	99.00	90.00		
	77	6.04			5.663	6.03	0.1691	0.2099	28.83	0.18	28.97	0.12	28.66	0.11	28.47	0.06	29.76	0.27	31.15	90.00	31.05	90.00	25.90	90.00	25.30	90.00	99.00	90.00	99.00	90.00	99.00	90.00		
	78	7.254			4.681	7.13	0.4261	0.1019	28.12	0.09	28.26	0.06	28.12	0.07	28.49	0.07	31.25	90.00	31.15	90.00	31.05	90.00	25.90	90.00	25.30	90.00	99.00	90.00	99.00	90.00	99.00	90.00		
	79	6.38			6.339	6.52	0.0721	0.0349	26.20	0.02	26.24	0.01	26.42	0.01	26.30	0.01	28.84	0.12	31.15	90.00	31.05	90.00	25.90	90.00	25.30	90.00	99.00	90.00	99.00	90.00	99.00	90.00		
	80	6.112			5.936	6.20	0.0731	0.0429	27.02	0.03	27.16	0.02	27.10	0.03	27.04	0.02	28.59	0.09	31.15	90.00	31.05	90.00	25.90	90.00	25.30	90.00	99.00	90.00	99.00	90.00	99.00	90.00		
	81	6.24			6.049	6.45	0.1221	0.0819	27.45	0.05	27.51	0.03	27.24	0.03	27.35	0.02	29.18	0.16	31.15	90.00	31.05	90.00	25.90	90.00	25.30	90.00	99.00	90.00	99.00	90.00	99.00	90.00		
	82	7.002			6.485	6.83	0.1371	0.0979	28.27	0.11	28.20	0.06	27.92	0.06	28.15	0.05	31.25	90.00	31.15	90.00	31.05	90.00	25.90	90.00	25.30	90.00	99.00	90.00	99.00	90.00	99.00	90.00		
	83	7.488			7.399	7.41	0.1061	0.0729	26.78	0.03	27.32	0.03	27.22	0.03	27.88	0.04	31.25	90.00	31.15	90.00	31.05	90.00	25.90	90.00	25.30	90.00	99.00	90.00	99.00	90.00	99.00	90.00		
	84	5.694			5.222	7.45	0.3461	0.2299	28.85	0.18	28.07	0.05	28.59	0.10	29.14	0.12	31.25	90.00	31.15	90.00	31.05	90.00	25.90	90.00	25.30	90.00	99.00	90.00	99.00	90.00	99.00	90.00		
	85	8.02			7.818	7.94	0.0731	0.0589	27.70	0.06	27.67	0.04	27.51	0.04	28.67	0.08	31.25	90.00	31.15	90.00	31.05	90.00	25.90	90.00	25.30	90.00	99.00	90.00	99.00	90.00	99.00	90.00		
	86	8.088			6.404	7.82	0.4331	0.2289	29.25	0.27	28.66	0.09	28.86	0.13	29.75	0.21	31.25	90.00	31.15	90.00	31.05	90.00	25.90	90.00	25.30	90.00	99.00	90.00	99.00	90.00	99.00	90.00		
	87	6.348			5.752	6.40	0.0901	0.0679	26.74	0.05	26.73	0.05	26.71	0.04	26.87	0.05	29.19	0.21	31.05	90.00	30.85	90.00	25.90	90.00	25.30	90.00	99.00	90.00	99.00	90.00	99.00	90.00		
	88	6.31			6.104	6.42	0.0811	0.0609	27.16	0.07	27.04	0.06	26.87	0.05	26.91	0.05	28.83	0.15	31.05	90.00	30.85	90.00	25.90	90.00	25.30	90.00	99.00	90.00	99.00	90.00	99.00	90.00		
	89	6.736			6.496	6.69	0.0831	0.0479	26.96	0.06	26.81	0.05	26.68	0.04	26.72	0.05	29.61	0.31	31.05	90.00	30.85	90.00	25.90	90.00	25.30	90.00	99.00	90.00	99.00	90.00	99.00	90.00		
	90	6.612			6.318	6.65	0.0591	0.0739	26.80	0.05	26.86	0.05	26.64	0.04	26.77	0.05	29.29	0.23	31.05	90.00	30.85	90.00	25.90	90.00	25.30	90.00	99.00	90.00	99.00	90.00	99.00	90.00		
	91	6.966			5.499	6.89	0.1151	0.1909	27.77	0.13	27.83	0.13	27.56	0.10	27.73	0.11	30.95	90.00	31.05	90.00	30.85	90.00	25.90	90.00	25.30	90.00	99.00	90.00	99.00	90.00	99.00	90.00		
	92	6.37			6.22	6.44	0.0881	0.0879	26.56	0.04	26.64	0.04	26.84	0.05	26.67	0.04	29.09	0.19	31.05	90.00	30.85	90.00	25.90	90.00	25.30	90.00	99.00	90.00	99.00	90.00	99.00	90.00		
	93	6.612			6.352	6.68	0.0911	0.0399	26.44	0.04	26.39	0.04	26.30	0.03	26.45	0.04	28.98	0.18	31.05	90.00	30.85	90.00	25.90	90.00	25.30	90.00	99.00	90.00	99.00	90.00	99.00	90.00		
	94	6.386			6.261	6.51	0.0511	0.0199	26.41	0.04	26.29	0.03	26.27	0.03	26.21	0.03	28.39	0.10	31.05	90.00	30.85	90.00	25.90	90.00	25.30	90.00	99.00	90.00	99.00	90.00	99.00	90.00		
	95	6.738			6.586	6.80	0.0471	0.0689	25.89	0.02	25.92	0.02	25.79	0.02	25.98	0.02	29.16	0.21	31.05	90.00	30.85	90.00	25.90	90.00	25.30	90.00	99.00	90.00	99.00	90.00	99.00	90.00		
	96	6.222			4.102	6.34	0.3031	0.1829	27.69	0.12	27.98	0.15	28.28	0.19	27.87	0.13	29.91	0.41	31.05	90.00	30.85	90.00	25.90	90.00	25.30	90.00	99.00	90.00	99.00	90.00	99.00	90.00		
	97	6.47			5.567	6.47	0.1981	0.2369	28.00	0.16	28.03	0.16	28.08	0.16	27.83	0.13	30.43	0.67	31.05	90.00	30.85	90.00	25.90	90.00	25.30	90.00	99.00	90.00	99.00	90.00	99.00	90.00		
	98	5.696			5.639	5.73	0.0571	0.0159	26.90	0.01	26.67	0.01	26.60	0.01	26.51	0.01	27.22	0.02	31.05	90.00	30.85	90.00	25.90	90.00	25.30	90.00	99.00	90.00	99.00	90.00	99.00	90.00		
	99	5.982			5.889	6.10	0.0261	0.0369	26.90	0.01	26.77	0.01	26.74	0.01	26.69	0.01	27.99	0.04	31.05	90.00	30.85	90.00	25.90	90.00	25.30	90.00	99.00	90.00	99.00	90.00	99.00	90.00		
	100	6.496			6.241	6.53	0.0831	0.0549	27.08	0.07	27.05	0.07	26.94	0.06	26.86	0.05	29.22	0.22	31.05	90.00	30.85	90.00	25.90	90.00	25.30	90.00	99.00	90.00	99.00	90.00	99.00	90.00
     415   39.971848   -1.596486   8.14  0.0  0.0   28.88  0.21   28.52  0.13   28.65  0.22   29.91  0.42   31.70 90.00   31.50 90.00   30.19  1.11   26.20 90.00   26.20 90.00   99.  90.   99.  90.   99. 90.
    1489   39.958790   -1.591320   7.49  0.0  0.0   27.85  0.13   27.52  0.08   28.17  0.22   28.45  0.17   31.70 90.00   30.11  1.11   31.40 90.00   26.20 90.00   26.20 90.00   99.  90.   99.  90.   99. 90.
    3555   39.963814   -1.569359   8.02  0.0  0.0   25.81  0.02   25.90  0.02   25.80  0.03   26.91  0.05   29.08  0.37   29.10  0.66   28.32  0.43   26.20 90.00   26.20 90.00   99.  90.   99.  90.   99. 90.
    5051   39.961067   -1.574117   7.95  0.0  0.0   27.23  0.08   27.40  0.08   27.60  0.12   28.60  0.21   31.70 90.00   31.50 90.00   31.40 90.00   26.20 90.00   26.20 90.00   99.  90.   99.  90.   99. 90.
    5087   39.960754   -1.574161   7.88  0.0  0.0   25.42  0.02   25.39  0.02   25.49  0.03   26.30  0.04   31.70 90.00   31.50 90.00   31.40 90.00   26.20 90.00   26.20 90.00   99.  90.   99.  90.   99. 90.
    6232   39.955273   -1.577911   8.44  0.0  0.0   27.00  0.06   27.12  0.06   27.24  0.09   29.10  0.34   31.70 90.00   28.52  0.30   31.40 90.00   26.20 90.00   26.20 90.00   99.  90.   99.  90.   99. 90.
    7300   39.982422   -1.581091   8.42  0.0  0.0   26.04  0.03   26.06  0.03   26.18  0.05   27.83  0.14   31.70 90.00   28.43  0.36   28.82  0.62   26.20 90.00   26.20 90.00   99.  90.   99.  90.   99. 90.
    7434   39.956493   -1.581628   7.97  0.0  0.0   28.03  0.09   28.33  0.11   27.88  0.10   29.23  0.23   31.03  1.10   31.50 90.00   31.40 90.00   26.20 90.00   26.20 90.00   99.  90.   99.  90.   99. 90.
    2273   40.054256   -1.639386   7.22  0.0  0.0   28.63  0.13   28.74  0.16   28.67  0.16   29.13  0.16   30.70 90.00   30.30 90.00   29.70 90.00   26.20 90.00   26.20 90.00   99.  90.   99.  90.   99. 90.
    2312   40.049774   -1.639265   9.42  0.0  0.0   27.96  0.08   27.86  0.08   29.32  0.32   31.30 90.00   31.76  2.88   30.39  0.98   29.95  0.94   26.20 90.00   26.20 90.00   99.  90.   99.  90.   99. 90.
    3627   40.046539   -1.635605   8.30  0.0  0.0   27.98  0.08   27.77  0.08   28.11  0.10   29.26  0.20   30.29  0.76   30.39  1.03   29.70 90.00   26.20 90.00   26.20 90.00   99.  90.   99.  90.   99. 90.
    4841   40.058552   -1.620625   7.13  0.0  0.0   25.07  0.01   25.06  0.01   25.07  0.01   25.24  0.01   30.70 90.00   30.09  2.05   29.70 90.00   26.20 90.00   26.20 90.00   99.  90.   99.  90.   99. 90.
    5207   40.050140   -1.621360   7.26  0.0  0.0   26.38  0.04   26.46  0.04   26.54  0.05   26.90  0.04   29.83  0.93   31.27  4.45   29.70 90.00   26.20 90.00   26.20 90.00   99.  90.   99.  90.   99. 90.
    7461   40.056259   -1.627006   9.28  0.0  0.0   27.80  0.07   27.89  0.09   28.59  0.17   30.19  0.52   30.70 90.00   30.48  1.38   29.70 90.00   26.20 90.00   26.20 90.00   99.  90.   99.  90.   99. 90.
   10577   40.055687   -1.605633   6.98  0.0  0.0   29.34  0.16   29.04  0.15   29.10  0.17   29.35  0.14   30.70 90.00   31.08  1.28   29.70 90.00   26.20 90.00   26.20 90.00   99.  90.   99.  90.   99. 90.
   10691   40.053898   -1.607289   8.74  0.0  0.0   28.41  0.10   28.25  0.11   29.07  0.22   30.39  0.54   30.70 90.00   30.30 90.00   29.70 90.00   26.20 90.00   26.20 90.00   99.  90.   99.  90.   99. 90.
   12966   40.062332   -1.615951   7.14  0.0  0.0   27.26  0.05   27.15  0.06   27.20  0.06   27.43  0.05   29.76  0.60   30.30 90.00   29.70 90.00   26.20 90.00   26.20 90.00   99.  90.   99.  90.   99. 90.
   13206   40.057262   -1.616725   7.12  0.0  0.0   27.77  0.07   28.14  0.12   28.07  0.11   28.47  0.11   30.70 90.00   30.98  2.22   30.93  3.22   26.20 90.00   26.20 90.00   99.  90.   99.  90.   99. 90.
    1836   40.060902   -1.640847   8.47  0.0  0.0   28.10  0.10   27.82  0.10   28.26  0.15   29.74  0.38   29.71  0.67   30.30 90.00   29.70 90.00   26.20 90.00   26.20 90.00   99.  90.   99.  90.   99. 90.
    6867   40.044224   -1.625336   9.93  0.0  0.0   28.18  0.07   28.89  0.17   29.55  0.31   31.30 90.00   30.70 90.00   31.41  2.21   30.48  1.31   26.20 90.00   26.20 90.00   99.  90.   99.  90.   99. 90.
    8791   40.062786   -1.631019  10.08  0.0  0.0   28.56  0.12   29.16  0.25   32.65  5.78   31.30 90.00   30.70 90.00   30.30 90.00   29.70 90.00   26.20 90.00   26.20 90.00   99.  90.   99.  90.   99. 90.
   12356   40.068584   -1.614274   8.38  0.0  0.0   29.63  0.20   29.22  0.16   29.52  0.22   31.26  0.73   30.70 90.00   31.88  2.20   29.70 90.00   26.20 90.00   26.20 90.00   99.  90.   99.  90.   99. 90.
   14346   40.053024   -1.619357   8.43  0.0  0.0   27.94  0.07   27.82  0.08   28.32  0.13   29.61  0.27  -99.00 99.00   29.42  0.43   29.70 90.00   26.20 90.00   26.20 90.00   99.  90.   99.  90.   99. 90.
    4602   40.053894   -1.619996  11.13  0.0  0.0   29.08  0.14   30.21  0.45   30.91  0.88   31.30 90.00   33.18  7.90   30.49  0.83   29.23  0.44   26.20 90.00   26.20 90.00   99.  90.   99.  90.   99. 90.
     264  342.166595  -44.510227   9.41  0.0  0.0   28.29  0.17   28.49  0.24   31.37  3.48   32.10 90.00   30.90 90.00   30.10 90.00   29.40 90.00   26.20 90.00   26.20 90.00   99.  90.   99.  90.   99. 90.
     858  342.208130  -44.513863   2.38  0.0  0.0   28.06  0.16   29.12  0.47   32.45  9.73   29.47  0.53   30.90 90.00   30.62  2.38   29.40 90.00   26.20 90.00   26.20 90.00   99.  90.   99.  90.   99. 90.
    3543  342.182251  -44.526066   8.73  0.0  0.0   29.03  0.10   29.05  0.10   29.14  0.12   32.10 90.00   30.90 90.00   30.10 90.00   29.40 90.00   26.20 90.00   26.20 90.00   99.  90.   99.  90.   99. 90.
    7708  342.313019  -44.562855   6.91  0.0  0.0   27.12  0.05   27.17  0.06   27.43  0.08   27.38  0.06   31.10 90.00   30.69  1.84   31.10 90.00   26.20 90.00   26.20 90.00   99.  90.   99.  90.   99. 90.
    9122  342.345184  -44.557968   7.28  0.0  0.0   27.49  0.08   27.11  0.05   27.19  0.07   27.52  0.07   31.10 90.00   31.20 90.00   31.10 90.00   26.20 90.00   26.20 90.00   99.  90.   99.  90.   99. 90.
    9379  342.303864  -44.557209   8.91  0.0  0.0   29.07  0.15   28.85  0.12   29.69  0.31   31.00 90.00   31.10 90.00   31.20 90.00   31.10 90.00   26.20 90.00   26.20 90.00   99.  90.   99.  90.   99. 90.
    9628  342.314697  -44.556343   7.96  0.0  0.0   27.10  0.07   27.31  0.08   27.51  0.11   28.46  0.20   31.10 90.00   28.68  0.42   29.64  1.41   26.20 90.00   26.20 90.00   99.  90.   99.  90.   99. 90.
   10553  342.337189  -44.552803   8.25  0.0  0.0   28.27  0.11   28.31  0.11   28.19  0.12   30.15  0.51   31.10 90.00   31.20 90.00   31.10 90.00   26.20 90.00   26.20 90.00   99.  90.   99.  90.   99. 90.
   10595  342.325378  -44.552635   6.91  0.0  0.0   28.56  0.13   28.91  0.17   29.24  0.27   29.03  0.16   31.10 90.00   31.20 90.00   31.06  3.01   26.20 90.00   26.20 90.00   99.  90.   99.  90.   99. 90.
   10615  342.300934  -44.552586   8.35  0.0  0.0   28.51  0.10   28.41  0.09   28.41  0.10   30.39  0.48   31.10 90.00   31.20 90.00   31.10 90.00   26.20 90.00   26.20 90.00   99.  90.   99.  90.   99. 90.
   16068  342.313507  -44.529072   7.76  0.0  0.0   29.12  0.16   28.92  0.13   29.18  0.19   29.92  0.29   31.10 90.00   31.20 90.00   31.10 90.00   26.20 90.00   26.20 90.00   99.  90.   99.  90.   99. 90.
   16510  342.307281  -44.532562   7.48  0.0  0.0   27.17  0.04   27.04  0.04   27.18  0.05   27.71  0.06   28.98  0.31   31.20 90.00   29.96  1.45   26.20 90.00   26.20 90.00   99.  90.   99.  90.   99. 90.
   17241  342.338715  -44.535110   7.55  0.0  0.0   27.06  0.04   26.56  0.03   26.65  0.03   27.25  0.04   31.10 90.00   31.20 90.00   30.37  1.73   26.20 90.00   26.20 90.00   99.  90.   99.  90.   99. 90.
   17760  342.322601  -44.537445   7.01  0.0  0.0   26.50  0.03   26.39  0.03   26.52  0.04   26.60  0.03   31.21  3.30   31.20 90.00   31.10 90.00   26.20 90.00   26.20 90.00   99.  90.   99.  90.   99. 90.
   17783  342.312958  -44.537369   7.29  0.0  0.0   26.94  0.05   26.96  0.06   27.33  0.09   27.65  0.09   31.10 90.00   30.22  1.65   31.10 90.00   26.20 90.00   26.20 90.00   99.  90.   99.  90.   99. 90.
   19635  342.335114  -44.543591   8.31  0.0  0.0   28.52  0.12   28.58  0.13   28.71  0.15   30.10  0.45   31.10 90.00   31.20 90.00   31.10 90.00   26.20 90.00   26.20 90.00   99.  90.   99.  90.   99. 90.
   19853  342.302124  -44.544800   7.26  0.0  0.0   28.76  0.14   28.92  0.16   28.90  0.18   29.35  0.20   31.10 90.00   31.20 90.00   31.10 90.00   26.20 90.00   26.20 90.00   99.  90.   99.  90.   99. 90.
    9868  342.303955  -44.555492   7.41  0.0  0.0   28.33  0.16   28.56  0.19   27.98  0.12   28.67  0.17   32.74  7.54   31.20 90.00   31.10 90.00   26.20 90.00   26.20 90.00   99.  90.   99.  90.   99. 90.
   12340  342.311127  -44.545898   8.17  0.0  0.0   27.88  0.12   27.87  0.12   27.81  0.12   29.39  0.42   31.10 90.00   31.20 90.00   31.10 90.00   26.20 90.00   26.20 90.00   99.  90.   99.  90.   99. 90.
   15809  342.329681  -44.530300   7.67  0.0  0.0   26.32  0.03   26.25  0.03   26.44  0.04   27.13  0.06   31.10 90.00   32.11  9.30   29.59  1.34   26.20 90.00   26.20 90.00   99.  90.   99.  90.   99. 90.
   17629  342.324219  -44.536869   7.16  0.0  0.0   28.72  0.12   28.47  0.10   28.38  0.10   28.71  0.10   31.10 90.00  -99.00 99.00   31.10 90.00   26.20 90.00   26.20 90.00   99.  90.   99.  90.   99. 90.
   18024  342.318451  -44.538174   7.95  0.0  0.0   27.59  0.07   27.49  0.06   27.66  0.09   28.58  0.15   31.10 90.00   31.20 90.00  -99.00 99.00   26.20 90.00   26.20 90.00   99.  90.   99.  90.   99. 90.
   16343  342.316986  -44.532707   8.71  0.0  0.0   29.80  0.27   29.14  0.15   30.09  0.39   30.95  0.68   31.10 90.00   31.20 90.00   30.82  1.68   26.20 90.00   26.20 90.00   99.  90.   99.  90.   99. 90.
   18796  342.339294  -44.541695   8.81  0.0  0.0   30.56  0.47   29.55  0.19   32.32  2.85   31.00 90.00   32.55  3.66   31.14  1.25   31.10 90.00   26.20 90.00   26.20 90.00   99.  90.   99.  90.   99. 90.
   16401  342.333527  -44.532166  11.41  0.0  0.0   28.68  0.13   29.99  0.43   31.80  2.57   30.54  0.59   30.72  0.95   30.90  1.39   31.10 90.00   26.20 90.00   26.20 90.00   99.  90.   99.  90.   99. 90.
