# 1 Id
# 2 RA
# 3 DEC
# 4 z 
# 5 zminx
# 6 zmaxy
# 7 F160W
# 8 dF160W
# 9 F140W 
# 10 dF140W
# 11 F125W
# 12 dF125W
# 13 F105W 
# 14 dF105W
# 15 F814W 
# 16 dF814W
# 17 F606W
# 18 dF606W
# 19 F435W
# 20 dF435W
# 21 I36um 
# 22 dI36um
# 23 I45um
# 24 dI45um
# 25 J
# 26 dJ
# 27 H
# 28 dH
# 29 Ks
# 30 dKs
1 3.603856 -30.381905 8.0101 0.4645 2.4981 27.83 0.08 27.86 0.09 28.49 0.17 29.85 0.43 31.0 90.0 30.8 90.0 30.9 90.0 25.9 90.0 26.2 0.5 99.0 90.0 99.0 90.0 99.0 90.0
2 3.572515 -30.413267 8.393 0.5963 0.4708 28.12 0.12 28.11 0.13 28.11 0.13 29.84 0.48 31.0 90.0 30.8 90.0 30.9 90.0 25.9 90.0 25.3 90.0 99.0 90.0 99.0 90.0 99.0 90.0
3 3.603858 -30.415842 8.575 0.2009 0.1883 28.33 0.1 28.63 0.15 28.66 0.18 30.5 90.0 31.0 90.0 30.8 90.0 30.9 90.0 25.9 90.0 25.3 90.0 99.0 90.0 99.0 90.0 99.0 90.0
6 3.604005 -30.382309 8.2863 0.1757 0.226 26.95 0.06 27.09 0.07 27.36 0.1 28.83 0.26 31.0 90.0 30.8 90.0 30.9 90.0 25.5 0.2 25.2 0.2 99.0 90.0 99.0 90.0 99.0 90.0
7 3.603397 -30.382256 8.0854 0.2009 0.2009 26.17 0.03 26.1 0.03 26.38 0.05 27.53 0.09 31.0 90.0 30.8 90.0 30.9 90.0 26.5 0.6 26.2 0.5 99.0 90.0 99.0 90.0 99.0 90.0
9 3.572902 -30.413658 7.8846 0.4143 0.59 28.49 0.14 28.22 0.12 28.68 0.18 29.62 0.32 31.0 90.0 30.8 90.0 30.9 90.0 25.9 90.0 25.3 90.0 99.0 90.0 99.0 90.0 99.0 90.0
10 3.598108 -30.382393 8.2173 0.5084 1.8386 27.7 0.09 27.57 0.09 27.89 0.12 28.89 0.23 31.0 90.0 30.8 90.0 30.9 90.0 25.9 90.0 25.3 90.0 99.0 90.0 99.0 90.0 99.0 90.0
11 3.600947 -30.399149 8.6252 0.5398 1.1594 28.96 0.17 28.97 0.19 28.89 0.18 30.5 90.0 31.0 90.0 30.8 90.0 30.9 90.0 25.9 90.0 25.3 90.0 99.0 90.0 99.0 90.0 99.0 90.0
12 3.603582 -30.382442 7.8971 0.2009 0.1506 28.52 0.19 28.09 0.14 28.47 0.21 30.5 90.0 31.0 90.0 30.8 90.0 30.9 90.0 25.7 1.3 26.1 1.4 99.0 90.0 99.0 90.0 99.0 90.0
13 3.60452 -30.380472 7.7465 0.226 0.2636 25.56 0.03 25.73 0.03 25.91 0.04 26.83 0.07 31.0 90.0 30.8 90.0 30.9 90.0 26.6 0.7 25.0 0.2 99.0 90.0 99.0 90.0 99.0 90.0
15 3.605263 -30.380606 7.4201 0.3013 0.3515 27.97 0.12 27.95 0.13 28.29 0.17 29.05 0.26 31.0 90.0 30.8 90.0 30.9 90.0 25.9 90.0 25.3 90.0 99.0 90.0 99.0 90.0 99.0 90.0
16 3.588985 -30.378662 7.4954 0.2636 0.3013 27.55 0.05 27.77 0.07 27.52 0.06 28.29 0.09 31.0 90.0 30.8 90.0 30.9 90.0 25.9 90.0 25.3 90.0 99.0 90.0 99.0 90.0 99.0 90.0
17 3.606575 -30.380928 7.169 0.2636 0.3013 26.38 0.04 26.45 0.04 26.86 0.06 27.39 0.08 31.0 90.0 30.8 90.0 30.9 90.0 26.0 0.4 25.7 0.4 99.0 90.0 99.0 90.0 99.0 90.0
18 3.592285 -30.409911 7.1188 0.5649 0.7869 26.98 0.06 26.99 0.07 26.92 0.06 27.39 0.07 31.0 90.0 30.8 90.0 30.9 90.0 25.9 90.0 25.3 90.0 99.0 90.0 99.0 90.0 99.0 90.0
19 3.579668 -30.398678 7.0435 0.1958 0.113 28.33 0.12 28.11 0.11 28.29 0.14 28.89 0.17 31.0 90.0 30.8 90.0 30.9 90.0 25.9 90.0 25.3 90.0 99.0 90.0 99.0 90.0 99.0 90.0
20 3.603208 -30.410368 6.6167 0.6653 0.7768 26.48 0.04 26.68 0.06 26.71 0.06 26.83 0.05 31.0 90.0 30.8 90.0 30.9 90.0 26.6 0.4 26.6 0.3 99.0 90.0 99.0 90.0 99.0 90.0
21 3.581282 -30.404207 6.9682 0.1255 0.0879 28.75 0.16 28.61 0.16 28.78 0.19 28.98 0.17 31.0 90.0 30.8 90.0 30.9 90.0 25.9 90.0 25.3 90.0 99.0 90.0 99.0 90.0 99.0 90.0
22 3.585321 -30.397964 7.2193 0.2034 0.2385 27.49 0.04 27.45 0.04 27.33 0.04 27.55 0.03 31.0 90.0 30.8 90.0 30.9 90.0 25.9 90.0 25.3 90.0 99.0 90.0 99.0 90.0 99.0 90.0
23 3.474802 -30.362578 6.2652 0.2636 0.2887 26.72 0.05 99.0 90.0 26.52 0.05 26.98 0.05 28.78 90.0 30.42 90.0 30.26 90.0 25.9 90.0 25.3 90.0 99.0 90.0 99.0 90.0 99.0 90.0
24 3.480642 -30.371175 5.9765 0.6151 0.6779 27.4 0.08 99.0 90.0 26.95 0.07 26.93 0.06 28.69 0.34 30.42 90.0 30.26 90.0 25.9 90.0 25.3 90.0 99.0 90.0 99.0 90.0 99.0 90.0
25 3.487575 -30.36438 6.5414 0.4519 0.477 26.98 0.06 99.0 90.0 27.06 0.08 27.38 0.08 28.65 0.32 30.42 90.0 30.26 90.0 25.9 90.0 25.3 90.0 99.0 90.0 99.0 90.0 99.0 90.0
26 3.488924 -30.39463 5.9137 0.4519 0.5649 27.11 0.08 99.0 90.0 27.14 0.08 27.39 0.08 28.78 90.0 30.42 90.0 30.26 90.0 25.9 90.0 25.3 90.0 99.0 90.0 99.0 90.0 99.0 90.0
27 3.48255 -30.371559 6.4786 0.2511 0.2511 26.92 0.04 99.0 90.0 27.15 0.09 27.32 0.06 28.51 0.28 30.42 90.0 30.26 90.0 25.9 90.0 25.3 90.0 99.0 90.0 99.0 90.0 99.0 90.0
28 3.48396 -30.397152 6.4284 0.3641 0.3138 27.27 0.08 99.0 90.0 27.2 0.09 27.2 0.06 28.77 90.0 30.42 90.0 30.26 90.0 25.9 90.0 25.3 90.0 99.0 90.0 99.0 90.0 99.0 90.0
29 3.467582 -30.396908 6.0267 0.3389 0.3013 27.42 0.09 99.0 90.0 27.23 0.09 27.38 0.08 28.77 90.0 30.42 90.0 30.26 90.0 25.9 90.0 25.3 90.0 99.0 90.0 99.0 90.0 99.0 90.0
30 3.467097 -30.387686 6.4284 0.2887 0.3013 27.4 0.08 99.0 90.0 27.3 0.1 27.06 0.05 28.34 0.25 30.42 90.0 30.26 90.0 25.9 90.0 25.3 90.0 99.0 90.0 99.0 90.0 99.0 90.0
31 3.48952 -30.399528 5.6877 0.477 0.5272 27.58 0.1 99.0 90.0 27.32 0.1 27.37 0.08 28.78 90.0 30.42 90.0 30.26 90.0 25.9 90.0 25.3 90.0 99.0 90.0 99.0 90.0 99.0 90.0
32 3.466056 -30.394409 5.4743 0.6026 0.6277 27.53 0.1 99.0 90.0 27.43 0.11 27.43 0.09 28.53 0.29 30.42 90.0 30.26 90.0 25.9 90.0 25.3 90.0 99.0 90.0 99.0 90.0 99.0 90.0
34 3.455844 -30.366359 6.0267 0.6779 0.6779 27.29 0.08 99.0 90.0 27.7 0.14 27.7 0.11 28.73 0.34 30.42 90.0 30.26 90.0 25.9 90.0 25.3 90.0 99.0 90.0 99.0 90.0 99.0 90.0
35 3.488139 -30.367864 5.4743 0.5855 0.5775 27.72 0.1 99.0 90.0 27.73 0.15 27.85 0.12 28.76 90.0 30.42 90.0 30.26 90.0 25.9 90.0 25.3 90.0 99.0 90.0 99.0 90.0 99.0 90.0
36 3.486988 -30.399579 6.0894 0.4896 0.5167 27.77 0.12 99.0 90.0 27.75 0.15 27.68 0.1 28.59 0.31 30.42 90.0 30.26 90.0 25.9 90.0 25.3 90.0 99.0 90.0 99.0 90.0 99.0 90.0
37 3.477238 -30.385998 7.3448 0.2887 0.3389 27.95 0.13 99.0 90.0 27.98 0.18 27.76 0.11 28.78 90.0 30.42 90.0 30.26 90.0 25.9 90.0 25.3 90.0 99.0 90.0 99.0 90.0 99.0 90.0
38 3.474918 -30.362542 7.3322 0.4017 0.5996 26.86 0.04 26.93 0.07 26.9 0.07 27.51 0.08 30.47 90.0 30.42 90.0 30.26 90.0 25.9 90.0 25.3 90.0 99.0 90.0 99.0 90.0 99.0 90.0
39 3.459245 -30.36736 10.1317 0.6151 0.4288 27.31 0.07 27.44 0.11 27.33 0.11 28.06 0.14 30.47 90.0 30.42 90.0 30.26 90.0 25.9 90.0 25.3 90.0 99.0 90.0 99.0 90.0 99.0 90.0
41 64.043114 -24.057109 9.0395 0.2511 0.2747 27.72 0.07 27.93 0.09 28.63 0.18 30.53 0.79 30.14 0.56 30.95 90.0 30.95 90.0 25.9 90.0 25.3 90.0 99.0 90.0 99.0 90.0 27.21 0.42
42 64.048058 -24.081429 8.7006 0.0879 0.0829 26.45 0.03 26.62 0.04 27.07 0.06 29.99 0.56 30.7 90.0 30.95 90.0 30.95 90.0 26.59 0.52 25.79 0.23 99.0 90.0 99.0 90.0 26.52 0.22
44 64.047981 -24.081665 8.1733 0.2727 0.3641 26.59 0.03 26.59 0.03 26.73 0.04 28.19 0.1 30.7 90.0 30.95 90.0 30.95 90.0 26.73 0.6 25.93 0.26 99.0 90.0 99.0 90.0 27.54 90.0
45 64.037582 -24.088104 7.6837 0.3515 0.4268 28.12 0.08 27.8 0.07 27.95 0.08 29.51 0.25 33.03 7.6 30.95 90.0 30.95 90.0 25.9 90.0 25.3 90.0 99.0 90.0 99.0 90.0 27.46 90.0
48 64.149864 -24.113352 8.9726 0.0835 0.0837 27.56 0.06 27.61 0.06 28.44 0.15 29.65 0.38 31.81 3.82 30.65 90.0 30.75 90.0 25.3 90.0 25.3 90.0 99.0 90.0 99.0 90.0 27.35 90.0
49 64.151779 -24.108454 8.3491 0.1883 0.1255 27.84 0.07 27.95 0.08 28.39 0.14 31.3 90.0 31.4 90.0 30.65 90.0 30.75 90.0 25.9 90.0 25.3 90.0 99.0 90.0 99.0 90.0 28.08 90.0
50 64.131889 -24.11935 8.4118 0.2762 0.3841 24.18 0.01 24.49 0.01 24.99 0.02 26.19 0.04 31.4 90.0 30.65 90.0 30.75 90.0 23.22 0.73 22.66 0.02 99.0 90.0 99.0 90.0 24.03 0.03
52 64.147903 -24.111727 8.098 0.2636 0.3013 28.12 0.08 28.19 0.09 28.34 0.12 29.56 0.29 31.29 1.93 30.65 90.0 30.75 90.0 25.9 90.0 25.3 90.0 99.0 90.0 99.0 90.0 26.74 0.27
53 64.126862 -24.100067 7.872 0.1129 0.0627 28.15 0.07 27.89 0.06 28.1 0.08 29.03 0.15 31.4 90.0 30.65 90.0 30.75 90.0 25.9 90.0 25.3 90.0 99.0 90.0 99.0 90.0 28.03 90.0
55 64.120026 -24.113226 7.6963 0.2009 0.1933 27.82 0.06 27.89 0.07 27.8 0.07 28.6 0.12 29.85 0.47 30.65 90.0 30.75 90.0 26.65 0.3 26.58 0.25 99.0 90.0 99.0 90.0 28.19 90.0
56 64.121368 -24.125864 7.0058 0.0628 0.138 27.33 0.04 27.4 0.05 27.22 0.04 27.94 0.07 31.4 90.0 30.65 90.0 30.75 90.0 25.3 90.0 25.3 90.0 99.0 90.0 99.0 90.0 27.3 90.0
57 64.137886 -24.127241 7.0937 0.0502 0.2224 28.22 0.08 28.07 0.07 28.34 0.11 28.89 0.14 31.4 90.0 30.65 90.0 30.75 90.0 25.9 90.0 25.3 90.0 99.0 90.0 99.0 90.0 28.5 90.0
58 64.144447 -24.1003 7.3699 0.2134 0.2636 27.37 0.05 27.35 0.05 27.24 0.05 27.68 0.06 29.38 0.39 30.65 90.0 30.75 90.0 25.3 90.0 25.3 90.0 99.0 90.0 99.0 90.0 27.56 90.0
59 64.149895 -24.10041 7.395 0.2134 0.2134 27.82 0.06 27.62 0.05 27.66 0.06 28.04 0.06 31.21 1.51 30.65 90.0 30.75 90.0 25.3 90.0 25.3 90.0 99.0 90.0 99.0 90.0 27.82 90.0
60 64.130882 -24.09271 6.7046 0.1883 0.1004 27.58 0.06 27.5 0.05 27.72 0.07 27.99 0.07 31.4 90.0 30.65 90.0 30.75 90.0 25.3 90.0 25.3 90.0 99.0 90.0 99.0 90.0 27.69 90.0
61 64.142899 -24.101274 7.0435 0.113 0.0879 28.14 0.08 28.12 0.08 28.02 0.08 28.3 0.09 31.4 90.0 30.65 90.0 30.75 90.0 26.96 0.44 26.62 0.26 99.0 90.0 99.0 90.0 28.58 90.0
62 7.116 6.837 6.7924 0.3751 0.3138 27.27 0.04 27.15 0.02 27.07 0.03 27.33 0.02 31.25 90.0 31.15 90.0 31.05 90.0 25.9 90.0 25.3 90.0 99.0 90.0 99.0 90.0 99.0 90.0
63 7.018 4.124 6.3782 0.1506 0.226 27.8 0.07 27.92 0.04 28.03 0.06 28.36 0.06 31.25 90.0 31.15 90.0 31.05 90.0 25.9 90.0 25.3 90.0 99.0 90.0 99.0 90.0 99.0 90.0
64 6.256 6.009 6.9431 0.0753 0.0876 27.89 0.08 28.19 0.06 27.92 0.06 27.78 0.03 29.51 0.21 31.15 90.0 31.05 90.0 25.9 90.0 25.3 90.0 99.0 90.0 99.0 90.0 99.0 90.0
65 6.836 5.963 6.9305 0.0751 0.0627 27.2 0.04 27.34 0.03 27.31 0.03 27.36 0.02 31.25 90.0 31.15 90.0 31.05 90.0 25.9 90.0 25.3 90.0 99.0 90.0 99.0 90.0 99.0 90.0
66 6.38 6.105 6.5288 0.1003 0.0753 27.49 0.05 27.52 0.03 27.71 0.05 27.44 0.03 31.25 90.0 31.15 90.0 31.05 90.0 25.9 90.0 25.3 90.0 99.0 90.0 99.0 90.0 99.0 90.0
67 6.43 6.259 6.9682 0.0753 0.0627 27.09 0.04 27.12 0.02 27.02 0.02 26.95 0.02 29.17 0.16 31.15 90.0 31.05 90.0 25.9 90.0 25.3 90.0 99.0 90.0 99.0 90.0 99.0 90.0
68 7.054 6.752 6.2903 0.226 0.2636 27.33 0.05 27.23 0.02 27.09 0.03 27.28 0.02 31.25 90.0 31.15 90.0 31.05 90.0 25.9 90.0 25.3 90.0 99.0 90.0 99.0 90.0 99.0 90.0
69 6.212 5.913 7.5205 0.1255 0.1757 28.03 0.09 28.11 0.05 27.94 0.06 27.87 0.04 29.58 0.23 31.15 90.0 31.05 90.0 25.9 90.0 25.3 90.0 99.0 90.0 99.0 90.0 99.0 90.0
70 7.51 7.193 6.9807 0.0877 0.0876 27.11 0.04 27.07 0.02 27.01 0.02 27.55 0.03 31.25 90.0 31.15 90.0 31.05 90.0 25.9 90.0 25.3 90.0 99.0 90.0 99.0 90.0 99.0 90.0
71 6.852 6.659 6.9305 0.1004 0.0502 27.11 0.04 27.03 0.02 26.86 0.02 26.93 0.02 31.25 90.0 31.15 90.0 31.05 90.0 25.6 90.0 25.3 90.0 99.0 90.0 99.0 90.0 99.0 90.0
72 6.226 5.779 6.9933 0.1185 0.1004 26.98 0.03 26.98 0.02 27.18 0.03 27.27 0.02 31.25 90.0 31.15 90.0 31.05 90.0 25.6 90.0 25.3 90.0 99.0 90.0 99.0 90.0 99.0 90.0
73 7.094 6.94 6.9054 0.0751 0.0876 27.66 0.06 27.99 0.05 27.3 0.03 27.74 0.03 31.25 90.0 31.15 90.0 31.05 90.0 25.9 90.0 25.3 90.0 99.0 90.0 99.0 90.0 99.0 90.0
75 5.47 3.094 7.1565 0.0628 0.0879 27.87 0.07 27.84 0.04 28.26 0.08 28.31 0.06 29.27 0.17 31.15 90.0 31.05 90.0 25.9 90.0 25.3 90.0 99.0 90.0 99.0 90.0 99.0 90.0
76 7.138 6.779 5.876 0.4394 0.5021 26.03 0.01 26.06 0.01 25.99 0.01 26.24 0.01 29.78 0.27 31.15 90.0 31.05 90.0 25.9 90.0 25.3 90.0 99.0 90.0 99.0 90.0 99.0 90.0
77 6.04 5.663 6.8803 0.2892 0.2511 28.83 0.18 28.97 0.12 28.66 0.11 28.47 0.06 29.76 0.27 31.15 90.0 31.05 90.0 25.9 90.0 25.3 90.0 99.0 90.0 99.0 90.0 99.0 90.0
78 7.254 4.681 6.5288 0.1253 0.0751 28.12 0.09 28.26 0.06 28.12 0.07 28.49 0.07 31.25 90.0 31.15 90.0 31.05 90.0 25.9 90.0 25.3 90.0 99.0 90.0 99.0 90.0 99.0 90.0
79 6.38 6.339 6.2401 0.1506 0.1255 26.2 0.02 26.24 0.01 26.42 0.01 26.3 0.01 28.84 0.12 31.15 90.0 31.05 90.0 25.9 90.0 25.3 90.0 99.0 90.0 99.0 90.0 99.0 90.0
80 6.112 5.936 6.4284 0.1506 0.1506 27.02 0.03 27.16 0.02 27.1 0.03 27.04 0.02 28.59 0.09 31.15 90.0 31.05 90.0 25.9 90.0 25.3 90.0 99.0 90.0 99.0 90.0 99.0 90.0
81 6.24 6.049 6.8803 0.1506 0.0879 27.45 0.05 27.51 0.03 27.24 0.03 27.35 0.02 29.18 0.16 31.15 90.0 31.05 90.0 25.9 90.0 25.3 90.0 99.0 90.0 99.0 90.0 99.0 90.0
82 7.002 6.485 7.3197 0.2009 0.1506 28.27 0.11 28.2 0.06 27.92 0.06 28.15 0.05 31.25 90.0 31.15 90.0 31.05 90.0 25.9 90.0 25.3 90.0 99.0 90.0 99.0 90.0 99.0 90.0
84 5.694 5.222 8.0729 0.113 0.1506 28.85 0.18 28.07 0.05 28.59 0.1 29.14 0.12 31.25 90.0 31.15 90.0 31.05 90.0 25.9 90.0 25.3 90.0 99.0 90.0 99.0 90.0 99.0 90.0
86 8.088 6.404 6.579 0.1632 0.1883 29.25 0.27 28.66 0.09 28.86 0.13 29.75 0.21 31.25 90.0 31.15 90.0 31.05 90.0 25.9 90.0 25.3 90.0 99.0 90.0 99.0 90.0 99.0 90.0
87 6.348 5.752 6.3782 0.1632 0.1506 26.74 0.05 26.73 0.05 26.71 0.04 26.87 0.05 29.19 0.21 31.05 90.0 30.85 90.0 25.9 90.0 25.3 90.0 99.0 90.0 99.0 90.0 99.0 90.0
88 6.31 6.104 6.6795 0.1381 0.1506 27.16 0.07 27.04 0.06 26.87 0.05 26.91 0.05 28.83 0.15 31.05 90.0 30.85 90.0 25.9 90.0 25.3 90.0 99.0 90.0 99.0 90.0 99.0 90.0
89 6.736 6.496 6.6292 0.1381 0.1506 26.96 0.06 26.81 0.05 26.68 0.04 26.72 0.05 29.61 0.31 31.05 90.0 30.85 90.0 25.9 90.0 25.3 90.0 99.0 90.0 99.0 90.0 99.0 90.0
90 6.612 6.318 6.918 0.3013 0.2385 26.8 0.05 26.86 0.05 26.64 0.04 26.77 0.05 29.29 0.23 31.05 90.0 30.85 90.0 25.9 90.0 25.3 90.0 99.0 90.0 99.0 90.0 99.0 90.0
91 6.966 5.499 6.5163 0.1255 0.1381 27.77 0.13 27.83 0.13 27.56 0.1 27.73 0.11 30.95 90.0 31.05 90.0 30.85 90.0 25.9 90.0 25.3 90.0 99.0 90.0 99.0 90.0 99.0 90.0
92 6.37 6.22 6.6795 0.1004 0.1004 26.56 0.04 26.64 0.04 26.84 0.05 26.67 0.04 29.09 0.19 31.05 90.0 30.85 90.0 25.9 90.0 25.3 90.0 99.0 90.0 99.0 90.0 99.0 90.0
93 6.612 6.352 6.5288 0.0753 0.0753 26.44 0.04 26.39 0.04 26.3 0.03 26.45 0.04 28.98 0.18 31.05 90.0 30.85 90.0 25.9 90.0 25.3 90.0 99.0 90.0 99.0 90.0 99.0 90.0
94 6.386 6.261 6.9431 0.1145 0.113 26.41 0.04 26.29 0.03 26.27 0.03 26.21 0.03 28.39 0.1 31.05 90.0 30.85 90.0 25.9 90.0 25.3 90.0 99.0 90.0 99.0 90.0 99.0 90.0
96 6.222 4.102 6.328 0.5062 1.3864 27.69 0.12 27.98 0.15 28.28 0.19 27.87 0.13 29.91 0.41 31.05 90.0 30.85 90.0 25.9 90.0 25.3 90.0 99.0 90.0 99.0 90.0 99.0 90.0
97 6.47 5.567 5.9011 0.1 0.1 28.0 0.16 28.03 0.16 28.08 0.16 27.83 0.13 30.43 0.67 31.05 90.0 30.85 90.0 25.9 90.0 25.3 90.0 99.0 90.0 99.0 90.0 99.0 90.0
98 5.696 5.639 6.1648 0.0753 0.0752 26.9 0.01 26.67 0.01 26.6 0.01 26.51 0.01 27.22 0.02 31.05 90.0 30.85 90.0 25.9 90.0 25.3 90.0 99.0 90.0 99.0 90.0 99.0 90.0
99 5.982 5.889 6.5163 0.1381 0.1506 26.9 0.01 26.77 0.01 26.74 0.01 26.69 0.01 27.99 0.04 31.05 90.0 30.85 90.0 25.9 90.0 25.3 90.0 99.0 90.0 99.0 90.0 99.0 90.0
