     0.311195     0.509890     0.115419
     0.381424     0.531776     0.216854
     0.304921     0.471691     0.118253
     0.250572     0.444189    0.0923350
     0.266758     0.480632    0.0988487
     0.333763     0.535696     0.127800
     0.348556     0.519814     0.158778
     0.278828     0.468461     0.103430
     0.213364     0.451028    0.0592560
     0.303087     0.523515     0.100038
     0.332067     0.581563     0.127656
     0.303924     0.551094    0.0620211
     0.315490     0.590836     0.125796
     0.361464     0.613494     0.132656
     0.218934     0.509570    0.0620493
     0.407374     0.674261     0.147993
     0.287382     0.534950    0.0988487
     0.308476     0.556263     0.123710
     0.324940     0.615236     0.126541
     0.403428     0.701368     0.130320
     0.375238     0.654921     0.143809
     0.381424     0.701750     0.117551
     0.331258     0.623185     0.104699
     0.350756     0.649691     0.129722
     0.336562     0.650730     0.126541
     0.331258     0.619194     0.117150
     0.461190     0.798453     0.166479
     0.501641     0.854306     0.185121
     0.427636     0.745268     0.167386
     0.485717     0.842216     0.179415
     0.390034     0.725011     0.143809
     0.298861     0.572318     0.117891
     0.357208     0.609225     0.134229
     0.248601     0.381424    0.0917354
     0.253864     0.427636     0.100038
     0.245331     0.428302    0.0780532
     0.294932     0.496397     0.116982
     0.312404     0.547528     0.124913
      0.00000      0.00000      0.00000
     0.186075     0.487626     0.136081
     0.266423     0.499967     0.103180
     0.292247     0.499967     0.101162
      0.00000      0.00000      0.00000
     0.288862     0.534950     0.103180
      0.00000      0.00000      0.00000
      0.00000      0.00000      0.00000
     0.324940     0.488892     0.182784
     0.324148     0.556263    0.0724160
      0.00000      0.00000      0.00000
     0.309426     0.551088     0.123710
     0.396774     0.656783     0.146823
     0.324940     0.594217     0.126335
     0.123710     0.440345    0.0170713
    0.0309438     0.281823   0.00422027
     0.309426     0.513208    0.0808151
     0.281823     0.488892    0.0724160
     0.324940     0.615236     0.122088
     0.289815     0.547528     0.104519
     0.324940     0.488892    0.0724160
     0.250572     0.607127    0.0580951
     0.324940     0.534950     0.126335
    0.0808151     0.488892    0.0261501
     0.272992     0.488892    0.0724160
     0.374360     0.725780     0.132778
     0.361567     0.625816     0.140362
    0.0974514     0.583840    0.0172163
     0.324148     0.609779     0.126335
     0.324148     0.582218     0.126335
     0.278736     0.556263    0.0988487
     0.265929     0.541684    0.0333983
     0.225633     0.483893    0.0597512
     0.319361     0.605556    0.0974514
     0.318264     0.608397     0.108308
     0.304725     0.560551    0.0988487
     0.314959     0.590458     0.104699
     0.335566     0.610214     0.112354
     0.288862     0.615236    0.0884897
     0.294221     0.551088    0.0974514
     0.281823     0.551088     0.103180
     0.128023     0.488892    0.0419638
     0.424311     0.710072     0.154226
     0.917746     0.917746     0.917746
     0.440345     0.844874     0.324940
     0.311676     0.594217     0.101162
     0.346296     0.583602     0.118253
     0.271681     0.482088    0.0899713
     0.235767     0.431970    0.0765893
    0.0419638     0.182784    0.0412919
     0.258839     0.422551    0.0902509
     0.156921     0.397151    0.0430472
     0.352558     0.630277     0.140362
     0.374098     0.642647     0.119569
     0.229782     0.379104    0.0756154
     0.213364     0.347551    0.0669238
     0.243365     0.385648    0.0833792
     0.280406     0.454018     0.109842
     0.288862     0.596318    0.0902509
     0.324940     0.590111     0.116982
     0.287287     0.457186     0.102987
     0.268317     0.479298    0.0858009
     0.304492     0.492699    0.0977354
     0.281087     0.481854    0.0961577
     0.312404     0.582939     0.130320
     0.324940     0.534950     0.163721
     0.182784     0.407786    0.0583382
     0.248534     0.518989    0.0748230
     0.306169     0.516543     0.103550
     0.127894     0.304492    0.0430472
     0.355708     0.630062     0.127800
     0.319531     0.525090     0.122088
