     0.574450      1.09167     0.262048
      1.01658      1.56165     0.685001
     0.585720     0.960609     0.337558
     0.284952     0.489025     0.147298
     0.323935     0.652840     0.160930
     0.577189      1.06286     0.274631
     0.760985      1.25081     0.472200
     0.551520      1.08010     0.234184
     0.417630     0.588170     0.274216
     0.446231     0.790433     0.250072
     0.454961     0.953031     0.201460
     0.630635     0.967047     0.425750
     0.333140     0.795697     0.138725
     0.557703      1.06286     0.244041
     0.226406     0.412340     0.117294
     0.538723      1.02977     0.240227
    0.0879268     0.157311    0.0435039
     0.119868     0.225391    0.0586819
     0.109886     0.218549    0.0507433
     0.557703     0.883602     0.332453
     0.488426     0.877748     0.253537
     0.614457     0.920390     0.408056
     0.178429     0.459879    0.0761576
     0.250072     0.683399     0.104591
     0.122088     0.261989    0.0586819
     0.180154     0.490576    0.0761576
     0.396389     0.833925     0.165429
     0.467043     0.971943     0.202873
     0.473994     0.938972     0.208887
     0.437275     0.871994     0.174911
     0.333145     0.801546     0.123419
     0.428585     0.810806     0.208887
     0.531115     0.983847     0.245839
     0.618854      1.15906     0.309213
     0.425796     0.810806     0.202169
     0.136497     0.225391    0.0679740
     0.409961     0.891515     0.154054
     0.231989     0.560624     0.105243
      0.00000      0.00000      0.00000
      1.08608      1.37931     0.753224
    0.0771990     0.126832    0.0377587
     0.102854     0.178429    0.0562058
      0.00000      0.00000      0.00000
    0.0906712     0.166238    0.0461354
      0.00000      0.00000      0.00000
      0.00000      0.00000      0.00000
    0.0692635     0.104174    0.0435039
    0.0649942    0.0913390    0.0377587
      0.00000      0.00000      0.00000
    0.0858560     0.128902    0.0461354
     0.645072      1.07665     0.402448
    0.0898956     0.167945    0.0461354
    0.0862407     0.171877    0.0401530
     0.126832     0.173448    0.0435039
    0.0771990     0.126832    0.0435039
    0.0676046     0.111870    0.0401530
     0.125556     0.309209    0.0592859
    0.0851280     0.136497    0.0426763
    0.0435039    0.0898956    0.0401530
     0.230996     0.362246     0.150864
    0.0704380     0.122088    0.0435039
    0.0537994     0.126832    0.0401530
    0.0552404     0.104174    0.0377587
     0.202169     0.623694    0.0858560
     0.422611     0.877748     0.184279
     0.155103     0.219470    0.0862407
     0.100394     0.169255    0.0475471
    0.0913390     0.166238    0.0496433
     0.120239     0.232263    0.0571478
     0.766653      1.05092     0.551711
     0.125296     0.232263    0.0587135
     0.238818     0.517875     0.120239
     0.128783     0.285019    0.0602416
     0.108364     0.202169    0.0507433
     0.142361     0.274134    0.0692166
     0.311395     0.776404     0.122088
     0.231710     0.414383     0.124011
     0.113722     0.204720    0.0586819
    0.0898956     0.153396    0.0435039
    0.0864305     0.126832    0.0435039
     0.489535     0.987465     0.188790
    0.0109738    0.0109738    0.0109738
    0.0898956     0.109934    0.0496433
     0.128783     0.254266    0.0626085
     0.526216     0.961786     0.227054
     0.491746     0.811994     0.293143
     0.315277     0.541352     0.152520
    0.0537994    0.0692635    0.0377587
     0.531115     0.979274     0.226406
     0.152116     0.231710    0.0761576
     0.355431     0.693670     0.167945
     0.641548      1.09259     0.332089
     0.546558      1.06429     0.253430
     0.531115      1.07188     0.221840
     0.546558      1.06732     0.233343
     0.579746      1.06422     0.327763
     0.332672     0.654458     0.154837
     0.180154     0.476143    0.0851280
     0.575356      1.05092     0.234703
     0.453455     0.730827     0.239470
     0.520828     0.986343     0.226542
     0.467469     0.960000     0.189646
     0.410083     0.744006     0.218158
    0.0858560     0.125556    0.0461354
     0.111870     0.190580    0.0586819
     0.410279     0.609528     0.235150
     0.479196     0.961786     0.202693
     0.126832     0.190580    0.0610022
     0.348907     0.810806     0.126145
     0.454040     0.862184     0.197963
