      9.01691      9.37459      8.64315
      9.30274      9.68554      9.11757
      9.74550      9.97840      9.45996
      9.52646      9.75054      9.25061
      9.38534      9.66374      9.09677
      9.18979      9.52773      8.82284
      8.85014      9.15808      8.62598
      8.94538      9.34322      8.59800
      9.73456      9.98460      9.43643
      9.51130      9.77133      9.20108
      9.08525      9.38545      8.76295
      9.65861      9.93091      9.27716
      9.21592      9.49258      8.91786
      8.90228      9.26879      8.51106
      9.16505      9.38479      8.83168
      8.67216      9.06590      8.30207
      8.68736      8.94749      8.32796
      9.12220      9.33563      8.85098
      8.84909      9.07549      8.54150
      9.26645      9.52295      8.91041
      9.25380      9.52176      8.90709
      9.30263      9.53862      8.94378
      8.93659      9.25427      8.58530
      8.96161      9.30445      8.60921
      8.81355      9.09800      8.53573
      8.85073      9.15969      8.50521
      9.01272      9.34801      8.64349
      8.96462      9.32309      8.55968
      8.99603      9.33630      8.60898
      8.94491      9.29113      8.54990
      8.81301      9.15469      8.44717
      9.32340      9.56060      9.01964
      9.26666      9.56981      8.89777
      9.02048      9.36814      8.69920
      9.58062      9.82178      9.26981
      9.40708      9.60397      9.17012
      8.93685      9.26468      8.60584
      8.86136      9.15482      8.52490
      0.00000      0.00000      0.00000
      11.2247      11.2877      10.9721
      8.46469      8.74034      8.12837
      8.57292      8.79577      8.28231
      0.00000      0.00000      0.00000
      8.82628      9.06116      8.54352
      0.00000      0.00000      0.00000
      0.00000      0.00000      0.00000
      8.38287      8.73224      8.19892
      8.60533      8.90057      8.23594
      0.00000      0.00000      0.00000
      8.83639      9.05370      8.56451
      9.11912      9.45331      8.73474
      8.47954      8.72167      8.19845
      8.50882      8.83489      8.07052
      8.10671      8.54560      7.93124
      8.72025      8.98308      8.40084
      8.66659      8.89194      8.36418
      8.53019      8.83255      8.21046
      8.87959      9.12914      8.62896
      8.50292      8.77190      8.46215
      9.02511      9.31403      8.63795
      8.64637      8.85648      8.34456
      8.11700      8.44070      7.86725
      8.89112      9.29820      8.84073
      8.35770      8.71926      8.00605
      8.81603      9.11051      8.46201
      8.88412      9.23492      8.55232
      8.82786      9.05855      8.54276
      8.69927      8.92282      8.41793
      8.48857      8.74038      8.19144
      9.45733      9.67400      9.05981
      8.71766      8.97104      8.32812
      9.17189      9.43302      8.82904
      8.93133      9.17881      8.62834
      8.99087      9.22803      8.67203
      9.06060      9.30236      8.75398
      8.90140      9.26756      8.54016
      9.17083      9.44100      8.84712
      9.12480      9.35619      8.84517
      9.07170      9.32930      8.84394
      9.03280      9.19143      8.83973
      8.93475      9.29926      8.52796
      8.82776      8.82973      8.82581
      8.96856      9.02581      8.89590
      8.93857      9.19218      8.60920
      9.11412      9.43849      8.73895
      9.23362      9.45745      8.91766
      9.19540      9.40979      8.89881
      8.90107      9.24343      8.81712
      9.13871      9.46800      8.77634
      9.02458      9.25081      8.74398
      9.09512      9.34680      8.78733
      9.06738      9.40939      8.66701
      9.02315      9.39526      8.67696
      8.93336      9.33033      8.52794
      9.04119      9.42886      8.66057
      8.71417      8.99301      8.41339
      9.08597      9.35999      8.73953
      8.96070      9.26841      8.64384
      8.71447      9.07412      8.31617
      9.23422      9.46137      8.88756
      8.92912      9.28113      8.53745
      8.81163      9.14188      8.44753
      9.21549      9.41774      8.91178
      9.08580      9.25034      8.81146
      8.98185      9.20054      8.69204
      9.17593      9.40690      8.84763
      9.04991      9.38760      8.67784
      9.01480      9.22953      8.77668
      8.58101      8.92734      8.23199
      9.13701      9.42761      8.79641
