     0.897981      1.21632     0.628541
      1.01102      1.40554     0.698772
      1.63647      1.85922      1.42655
      1.51454      1.72521      1.33852
      1.35562      1.58290      1.15525
      1.04578      1.35198     0.784973
     0.675609      1.01989     0.446697
     0.894235      1.24546     0.615314
      1.81447      2.03382      1.64045
      1.44643      1.65902      1.24022
     0.948807      1.18457     0.728935
      1.59792      1.93388      1.36975
      1.11693      1.34077     0.907594
     0.713148      1.00512     0.458320
      1.20849      1.41895      1.04141
     0.459024     0.763158     0.202662
     0.697495     0.807928     0.616110
      1.04483      1.17264     0.948389
     0.757631     0.885895     0.667529
      1.06161      1.28814     0.878860
      1.04986      1.26716     0.846469
      1.12627      1.34676     0.946257
     0.821694      1.05626     0.687988
     0.803599      1.05120     0.642886
     0.710896     0.846951     0.607798
     0.726958     0.962956     0.594591
     0.746536     0.959736     0.555381
     0.632639     0.876654     0.426766
     0.731055     0.974060     0.506955
     0.626942     0.867505     0.425938
     0.602759     0.839088     0.415555
      1.20852      1.44462      1.02423
      1.08090      1.36068     0.847816
     0.992567      1.38323     0.729477
      1.56663      1.79010      1.34542
      1.44595      1.58470      1.35312
     0.865037      1.11306     0.615149
     0.757510     0.970386     0.610023
      0.00000      0.00000      0.00000
      2.89068      3.24942      1.87117
     0.480547     0.573030     0.408082
     0.544489     0.652097     0.459349
      0.00000      0.00000      0.00000
     0.805070     0.901107     0.725124
      0.00000      0.00000      0.00000
      0.00000      0.00000      0.00000
     0.633361     0.675599     0.536144
     0.628376     0.726809     0.560830
      0.00000      0.00000      0.00000
     0.781274     0.891639     0.715799
     0.886541      1.16631     0.673573
     0.431983     0.535254     0.354114
     0.820358      1.15143     0.716692
     0.877718      1.37505     0.686730
     0.786674     0.892897     0.709019
     0.805652     0.879884     0.721231
     0.440354     0.620977     0.334513
     0.883325     0.981379     0.807347
     0.933731     0.977138     0.859132
      1.04478      1.23064     0.891673
     0.587194     0.691299     0.526188
     0.583218     0.751285     0.508248
      1.30815      1.35347      1.21526
     0.180223     0.415129    0.0329561
     0.637247     0.879735     0.427433
      1.31358      1.63120      1.18737
     0.739493     0.847548     0.661125
     0.634436     0.747804     0.560523
     0.461491     0.635993     0.363877
      1.47213      1.81479      1.23887
     0.767098     0.975592     0.662348
      1.06881      1.28356     0.929120
     0.850056      1.02139     0.748478
     0.949897      1.08380     0.856671
     0.972954      1.13742     0.873964
     0.791048      1.06084     0.591679
      1.09938      1.29978     0.963976
      1.11754      1.25063      1.02637
      1.10835      1.19731      1.03401
      1.36377      1.46727      1.28279
     0.680915     0.956751     0.441133
     0.541108     0.543082     0.539155
     0.816482     0.930159     0.783955
     0.870424      1.05187     0.774144
     0.947644      1.22887     0.706026
      1.17528      1.40965     0.971599
      1.21140      1.42905      1.00997
      1.45910      1.52829      1.33164
      1.11175      1.45116     0.825702
      1.20919      1.42770      1.09766
     0.935765      1.13539     0.760660
     0.869836      1.20286     0.617882
      1.05220      1.44642     0.776044
     0.984647      1.42017     0.662247
      1.04193      1.43161     0.733343
     0.652890     0.940622     0.427114
      1.02635      1.26607     0.826842
     0.864915      1.08475     0.729439
     0.622029     0.969547     0.349974
      1.18497      1.40282     0.964892
     0.833986      1.14223     0.559161
     0.743190      1.03042     0.487050
      1.08476      1.28961     0.908722
     0.964241      1.05786     0.907903
      1.12305      1.28523      1.02787
      1.18612      1.41866     0.998609
     0.962620      1.25343     0.712547
      1.27510      1.48885      1.18714
     0.447515     0.695384     0.246003
      1.02032      1.25176     0.801741
