    0.0142212    0.0247854   0.00507793
    0.0165996    0.0256357   0.00754077
    0.0144573    0.0243355   0.00557676
    0.0104560    0.0225081   0.00297833
    0.0106271    0.0225291   0.00305435
    0.0142018    0.0244578   0.00504762
    0.0146263    0.0248655   0.00573651
    0.0140862    0.0250146   0.00532289
    0.0165269    0.0249078   0.00653595
    0.0134703    0.0242880   0.00499120
    0.0123009    0.0234702   0.00416549
    0.0184096    0.0260843   0.00840912
    0.0102787    0.0222839   0.00312656
    0.0134703    0.0244500   0.00484132
    0.0154675    0.0247269   0.00444948
    0.0146779    0.0249290   0.00528836
   0.00692734    0.0166111   0.00228462
   0.00542886    0.0164063   0.00192748
   0.00449472    0.0146631   0.00153449
    0.0170326    0.0256014   0.00698578
    0.0130402    0.0236482   0.00454002
    0.0181370    0.0258119   0.00807789
   0.00816333    0.0197468   0.00235633
   0.00862869    0.0206497   0.00255573
   0.00605759    0.0168500   0.00178292
   0.00746605    0.0194480   0.00234522
    0.0116143    0.0223874   0.00341458
    0.0134551    0.0237431   0.00427262
    0.0128027    0.0238767   0.00395337
    0.0126165    0.0229714   0.00378413
    0.0102389    0.0223510   0.00288064
    0.0121045    0.0234775   0.00408450
    0.0137026    0.0243355   0.00497393
    0.0142620    0.0247913   0.00545521
    0.0123465    0.0233265   0.00394211
   0.00449472    0.0157674   0.00180431
    0.0122220    0.0236401   0.00382435
   0.00903656    0.0210607   0.00280263
      0.00000      0.00000      0.00000
    0.0102626    0.0197432   0.00452083
   0.00628693    0.0146631   0.00174522
   0.00686961    0.0178734   0.00228462
      0.00000      0.00000      0.00000
   0.00802214    0.0193073   0.00234522
      0.00000      0.00000      0.00000
      0.00000      0.00000      0.00000
   0.00363696    0.0103271   0.00174522
   0.00692734    0.0157776   0.00216094
      0.00000      0.00000      0.00000
   0.00449472    0.0152106   0.00174522
    0.0168064    0.0255549   0.00730474
   0.00410886    0.0152106   0.00174522
    0.0162314    0.0270711   0.00692734
    0.0207875    0.0273280    0.0103271
   0.00532801    0.0157674   0.00174522
   0.00786536    0.0160549   0.00228462
   0.00613242    0.0166111   0.00201909
   0.00727826    0.0175540   0.00235728
   0.00692734    0.0160549   0.00692734
    0.0182300    0.0269578   0.00785129
   0.00390596    0.0139197   0.00135702
    0.0146631    0.0243145   0.00692734
    0.0103271    0.0160549   0.00390596
   0.00773108    0.0194067   0.00235633
    0.0119020    0.0232782   0.00347511
    0.0278593    0.0294147    0.0225291
   0.00536911    0.0152106   0.00216094
   0.00363696    0.0129222   0.00135702
   0.00800721    0.0193073   0.00234522
    0.0218520    0.0273207    0.0135072
    0.0130903    0.0239896   0.00350368
   0.00912813    0.0215680   0.00272609
   0.00605759    0.0164726   0.00178292
   0.00637640    0.0166111   0.00213319
   0.00773108    0.0192530   0.00228462
    0.0110422    0.0229714   0.00319498
    0.0144153    0.0250440   0.00402859
   0.00628693    0.0180244   0.00216094
   0.00642311    0.0160549   0.00216094
   0.00692734    0.0160549   0.00239215
    0.0125222    0.0234982   0.00385752
   0.00255446   0.00255446   0.00255446
   0.00174522   0.00178292   0.00135702
   0.00845373    0.0194067   0.00239215
    0.0140052    0.0244954   0.00518391
    0.0145843    0.0245802   0.00508415
    0.0109601    0.0229714   0.00335560
    0.0219481    0.0243145   0.00239215
    0.0143387    0.0247854   0.00534931
    0.0124032    0.0229470   0.00288212
    0.0106271    0.0218859   0.00308556
    0.0165269    0.0253890   0.00654447
    0.0147231    0.0249035   0.00548557
    0.0153627    0.0249535   0.00540037
    0.0148646    0.0247887   0.00536911
    0.0133875    0.0241659   0.00457587
    0.0143562    0.0248064   0.00483507
   0.00642311    0.0176912   0.00220153
    0.0141463    0.0243489   0.00540134
    0.0142212    0.0243355   0.00500866
    0.0140450    0.0248463   0.00504762
    0.0133875    0.0244309   0.00500528
   0.00980665    0.0213736   0.00303933
   0.00272609   0.00907534   0.00135702
   0.00814547    0.0207875   0.00234522
    0.0142620    0.0242656   0.00489292
    0.0132381    0.0242880   0.00453262
   0.00714514    0.0219481   0.00224094
    0.0107366    0.0225291   0.00309020
    0.0126450    0.0238484   0.00426646
